Energy	Absorption
7072.0	0.0043962994115538815
7072.5	0.004451190861270346
7073.0	0.0045073989215174744
7073.5	0.004564971915545752
7074.0	0.004623959949020664
7074.5	0.004684416098299289
7075.0	0.004746396014338211
7075.5	0.00480995812073951
7076.0	0.004875163811796867
7076.5	0.004942077848587759
7077.0	0.005010768557019863
7077.5	0.005081307629784358
7078.0	0.005153771116587116
7078.5	0.005228238830009812
7079.0	0.005304795731833119
7079.5	0.005383530744759905
7080.0	0.0054645391289683395
7080.5	0.005547920501651191
7081.0	0.005633781411614923
7081.5	0.005722234547095399
7082.0	0.005813399527942178
7082.5	0.005907403301711019
7083.0	0.006004381529986378
7083.5	0.006104477994243107
7084.0	0.006207846378261554
7084.5	0.006314650664219866
7085.0	0.006425065528785686
7085.5	0.00653927871967025
7086.0	0.006657490263443194
7086.5	0.006779915436224745
7087.0	0.006906784763685528
7087.5	0.007038346199553361
7088.0	0.007174866511936955
7088.5	0.007316633659878116
7089.0	0.0074639577835831404
7089.5	0.007617174571206418
7090.0	0.007776647635403229
7090.5	0.007942771087930144
7091.0	0.008115972906427819
7091.5	0.008296719687528499
7092.0	0.008485519221454822
7092.5	0.008682927423633998
7093.0	0.008889552097573429
7093.5	0.009106061054751795
7094.0	0.009333188056001656
7094.5	0.009571742515769437
7095.0	0.009822619206374048
7095.5	0.010086809942727962
7096.0	0.01036541685142601
7096.5	0.010659669204664891
7097.0	0.010970941640484948
7097.5	0.01130077693807307
7098.0	0.011650913150079188
7098.5	0.012023315488039647
7099.0	0.012420216129645814
7099.5	0.012844160561532644
7100.0	0.013298066795065575
7100.5	0.013785296860985896
7101.0	0.014309745732113322
7101.5	0.014875955595950847
7102.0	0.015489256863513816
7102.5	0.01615595255025774
7103.0	0.016883557317730842
7103.5	0.017681110584472335
7104.0	0.01855959796813149
7104.5	0.019532521856307036
7105.0	0.02061669497730443
7105.5	0.02183336153915715
7106.0	0.02320983150611617
7106.5	0.024781911614633365
7107.0	0.026597673596672443
7107.1	0.026995492776130704
7107.2	0.027406270112480886
7107.3	0.02783069282572016
7107.4	0.028269505569217177
7107.5	0.028723510429712277
7107.6	0.02919356890777827
7107.7	0.029680621722431348
7107.8	0.03018567890882588
7107.9	0.030709845564248398
7108.0	0.0312543178871955
7108.1	0.031820408923367675
7108.2	0.03240954460474772
7108.3	0.03302329147605535
7108.4	0.033663374518897164
7108.5	0.034331689034533555
7108.6	0.03503032638987223
7108.7	0.03576160966576822
7108.8	0.036528115442095666
7108.9	0.03733271736789173
7109.0	0.038178629731500546
7109.1	0.03906946093302252
7109.2	0.040009280819991305
7109.3	0.041002690003511984
7109.4	0.042054918881315136
7109.5	0.04317193854357788
7109.6	0.04436059742473895
7109.7	0.04562879162315204
7109.8	0.046985672849499935
7109.9	0.048441907867197
7110.0	0.05001000130754621
7110.1	0.051704703644723085
7110.2	0.05354352215473645
7110.3	0.05554737446758669
7110.4	0.05774140451723359
7110.5	0.0601560440687394
7110.6	0.06282832180304679
7110.7	0.0658035348261366
7110.8	0.06913725883703084
7110.9	0.07289775042709129
7111.0	0.07716847810928866
7111.1	0.08205033647369782
7111.2	0.08766221061890728
7111.3	0.09413722119779876
7111.4	0.10160957415592953
7111.5	0.11018378634670255
7111.6	0.11987684616532152
7111.7	0.13053233679513906
7111.8	0.14173674786350499
7111.9	0.15282085582314403
7112.0	0.16304559220562734
7112.1	0.17195298528690267
7112.2	0.1796567887908823
7112.3	0.18684186992696744
7112.4	0.19447127146883253
7112.5	0.20343397288688309
7112.6	0.21430519910382448
7112.7	0.22721970663339627
7112.8	0.24179083025298176
7112.9	0.2570684239515049
7113.0	0.271631546508299
7113.1	0.28394169653257645
7113.2	0.2929305142909807
7113.3	0.29851703853427713
7113.4	0.30167371526538117
7113.5	0.3039866165503891
7113.6	0.30704409198564764
7113.7	0.3120050281807977
7113.8	0.31943653016808793
7113.9	0.3293257051458424
7114.0	0.3411613763029078
7114.1	0.35405201927638175
7114.2	0.366896022391258
7114.3	0.3786167277822259
7114.4	0.388425812913624
7114.5	0.39602575311635946
7114.6	0.40166444270468626
7114.7	0.40602302166023974
7114.8	0.41000184720237026
7114.9	0.41450252424091255
7115.0	0.42027600401081733
7115.1	0.42785584253352027
7115.2	0.4375606761933012
7115.3	0.4495392178131794
7115.4	0.46383361160508496
7115.5	0.4804423128093705
7115.6	0.4993683515314986
7115.7	0.5206428012059238
7115.8	0.5443196293972654
7115.9	0.5704448620211843
7116.0	0.5990101019226719
7116.1	0.6299034926595368
7116.2	0.6628724066155277
7116.3	0.6975093441173933
7116.4	0.7332685098941802
7116.5	0.7695135025802075
7116.6	0.8055867694853851
7116.7	0.8408818340110557
7116.8	0.8748932428786073
7116.9	0.9072255574228083
7117.0	0.9375586757181746
7117.2	0.9909410536956491
7117.4	1.0316396082509598
7117.6	1.0546517540922988
7117.8	1.0552625679007366
7118.0	1.033041774700522
7118.2	0.99380020575766
7118.4	0.9469150670543172
7118.6	0.901036141215422
7118.8	0.8617096501011514
7119.0	0.8311712768187334
7119.2	0.8092195094525706
7119.4	0.7944142557232856
7119.6	0.7850743418233864
7119.8	0.7797747467823676
7120.0	0.7774735698269943
7120.2	0.7775583731707376
7120.4	0.7798793943462022
7120.6	0.7846840523569808
7120.8	0.7924378545815616
7121.0	0.8035796513922024
7121.2	0.8182521350102183
7121.4	0.8360719475830075
7121.6	0.8560404812166964
7121.8	0.8766631413427948
7122.0	0.8962531890581562
7122.2	0.9133229217988732
7122.4	0.9269276992356913
7122.6	0.9368352726969434
7122.8	0.943468490429305
7123.0	0.9476772078944089
7123.2	0.9504518536818399
7123.4	0.952673673561459
7123.6	0.9549502333855213
7123.8	0.9575465386520722
7124.0	0.960401195067416
7124.2	0.9632084590489488
7124.4	0.965542432439922
7124.6	0.9669944470950428
7124.8	0.9672905656367637
7125.0	0.966360541110331
7125.2	0.9643452635174702
7125.4	0.9615501793716219
7125.6	0.9583673803587811
7125.8	0.9551936518577185
7126.0	0.9523650187010575
7126.2	0.950118344034797
7126.4	0.9485784761258591
7126.6	0.9477650611482261
7126.8	0.9476107238157199
7127.0	0.9479857439271452
7127.2	0.9487251886831805
7127.4	0.9496562430493785
7127.6	0.9506222129445394
7127.8	0.9515000919305528
7128.0	0.9522090573904598
7128.2	0.9527094010794677
7128.4	0.9529945874759886
7128.6	0.9530799651534471
7128.8	0.9529925277964582
7129.0	0.9527639033685805
7129.2	0.9524272051791878
7129.4	0.9520163783313103
7129.6	0.9515667146415179
7129.8	0.9511147734214754
7130.0	0.9506973714427893
7130.2	0.950349345015979
7130.4	0.9501010744141186
7130.6	0.9499760677103104
7130.8	0.9499894952364799
7131.0	0.9501477538819384
7131.2	0.9504490414270962
7131.4	0.9508846438431714
7131.6	0.9514407375117768
7131.8	0.9521000726168448
7132.0	0.9528437159503845
7133.0	0.9571814604553033
7134.0	0.9613028593910834
7135.0	0.964277313897577
7136.0	0.9654767801548896
7137.0	0.9645458644209678
7138.0	0.9618894125512061
7139.0	0.9583025994766269
7140.0	0.9544489786844136
7141.0	0.9508864658673716
7142.0	0.9482014161395143
7143.0	0.9468605053513716
7144.0	0.9469616276944716
7145.0	0.948176422720597
7146.0	0.9498956213809586
7147.0	0.9514070498686876
7148.0	0.9520184974246734
7149.0	0.9511821487076535
7150.0	0.9486577539831699
7151.0	0.944619474999209
7152.0	0.9395805482464551
7153.0	0.9341440241258842
7154.0	0.928745207984409
7155.0	0.9235658071267575
7156.0	0.9186433512905269
7157.0	0.9140422450702651
7158.0	0.9099491073141958
7159.0	0.9066628292095618
7160.0	0.9045278327439946
7161.0	0.9038598430239766
7162.0	0.9048856030393525
7163.0	0.9077049082242943
7164.0	0.9122825459806754
7165.0	0.9184741406952577
7166.0	0.9260772100265104
7167.0	0.9348830133758694
7168.0	0.9447035059631284
7169.0	0.9553606839457921
7170.0	0.9666461830129023
7171.0	0.9782734898590093
7172.0	0.9898475024972666
7173.0	1.000870649884188
7174.0	1.0107908586871752
7175.0	1.0190807915326048
7176.0	1.025327027168576
7177.0	1.0293049615032173
7178.0	1.0310210508396722
7179.0	1.030711168093397
7180.0	1.0287965177283642
7181.0	1.025809507098579
7182.0	1.0223092005642782
7183.0	1.0188067551320035
7184.0	1.0157153940075472
7185.0	1.0133304039389741
7186.0	1.0118331555526276
7187.0	1.0113054616960089
7188.0	1.0117401530999839
7189.0	1.0130422864600441
7190.0	1.0150253617556313
7191.0	1.0174134611481105
7192.0	1.0198600435564877
7193.0	1.0219882668451374
7194.0	1.0234486390460453
7195.0	1.0239814028830463
7196.0	1.023465512574506
7197.0	1.021938913754851
7198.0	1.019583927671745
7199.0	1.0166844336173928
7200.0	1.0135694455921689
7201.0	1.010559124935391
7202.0	1.0079238639992598
7203.0	1.0058600849143795
7204.0	1.0044812681010324
7205.0	1.0038211804207509
7206.0	1.003844906344573
7207.0	1.0044651669523956
7208.0	1.0055604609565343
7209.0	1.0069930274837815
7210.0	1.008625066051706
7211.0	1.010332183899437
7212.0	1.0120134171207613
