Energia	Absorção
7072.0	0.004319947632617541
7072.5	0.00436893588497811
7073.0	0.004418993901995878
7073.5	0.004470157244376146
7074.0	0.0045224629047986116
7074.5	0.004575949705688678
7075.0	0.004630658060554444
7075.5	0.004686630451312307
7076.0	0.004743911269177971
7076.5	0.004802546973775033
7077.0	0.004862586331797695
7077.5	0.004924080417010356
7078.0	0.004987082848910115
7078.5	0.005051649792727074
7079.0	0.005117840516303032
7079.5	0.005185717071875288
7080.0	0.005255344773400944
7080.5	0.005326792435219998
7081.0	0.0054001324516090516
7081.5	0.005475441114998204
7082.0	0.005552798854633054
7082.5	0.005632290713900403
7083.0	0.005714006350327351
7083.5	0.005798040433352597
7084.0	0.005884493360313643
7084.5	0.005973471256446886
7085.0	0.006065086452212327
7085.5	0.006159458278835166
7086.0	0.006256713227414204
7086.5	0.006356985664909041
7087.0	0.006460418629681774
7087.5	0.006567164070159106
7088.0	0.006677384117699136
7088.5	0.006791251484361863
7089.0	0.006908950735775687
7089.5	0.00703067900712471
7090.0	0.00715664719646103
7090.5	0.007287081237571147
7091.0	0.00742222369105886
7091.5	0.007562334698995271
7092.0	0.007707694212434777
7092.5	0.007858603662052382
7093.0	0.008015388503876382
7093.5	0.008178398935275877
7094.0	0.008348015543305269
7094.5	0.008524649622920856
7095.0	0.008708747472905039
7095.5	0.008900794373573915
7096.0	0.009101320155567688
7096.5	0.009310902382016354
7097.0	0.009530171121789414
7097.5	0.009759820087076166
7098.0	0.010000609020010813
7098.5	0.01025337562579465
7099.0	0.010519044323652483
7099.5	0.010798641362121605
7100.0	0.011093301978924715
7100.5	0.011404295858298717
7101.0	0.011733039064116407
7101.5	0.012081123474922685
7102.0	0.012450339854637749
7102.5	0.012842718425173998
7103.0	0.01326056705242763
7103.5	0.013706525343101246
7104.0	0.014183633856814143
7104.5	0.014695417637960315
7105.0	0.015245998387059964
7105.5	0.015840248795810682
7106.0	0.016483993023546174
7106.5	0.017184308207465426
7107.0	0.017949958032750738
7107.1	0.018111855501589433
7107.2	0.018276904110316128
7107.3	0.01844521205257532
7107.4	0.018616894681884412
7107.5	0.018792075307176498
7107.6	0.018970882806174583
7107.7	0.01915345560310017
7107.8	0.01933994246421385
7107.9	0.019530499315650127
7108.0	0.019725296403290304
7108.1	0.01992451511059678
7108.2	0.020128351140778947
7108.3	0.020337016903417715
7108.4	0.020550741514465575
7108.5	0.020769774773954135
7108.6	0.020994389552618394
7108.7	0.021224882587438446
7108.8	0.021461584028137495
7108.9	0.02170485584609884
7109.0	0.02195510058532238
7109.1	0.022212765340131915
7109.2	0.022478353688298147
7109.3	0.02275243125982867
7109.4	0.02303563687454929
7109.5	0.023328700044017103
7109.6	0.023632456086808907
7109.7	0.023947866812600107
7109.8	0.0242760483661176
7109.9	0.02461830463988268
7110.0	0.024976171028993452
7110.1	0.025351463754698312
7110.2	0.02574635066758926
7110.3	0.026163439552708792
7110.4	0.02660588552765251
7110.5	0.027077535035581007
7110.6	0.027583109615306686
7110.7	0.028128428652914237
7110.8	0.02872069975440886
7110.9	0.029368851282063645
7111.0	0.03008390785000879
7111.1	0.030879334793701578
7111.2	0.031771186936187114
7111.3	0.03277773150142686
7111.4	0.03391783873384024
7111.5	0.035207010555128815
7111.6	0.03664952856965469
7111.7	0.03822586541571779
7111.8	0.03987795611019433
7111.9	0.041501743824666
7112.0	0.042961521907612064
7112.1	0.04413107053991922
7112.2	0.04493511399361651
7112.3	0.04537381217254592
7112.4	0.04551111547586044
7112.5	0.045443401369862885
7112.6	0.045269285179100095
7112.7	0.04507091133686842
7112.8	0.044907143549959325
7112.9	0.04481480584340218
7113.0	0.04481366742351328
7113.1	0.044912032152487125
7113.2	0.04511134314260779
7113.3	0.0454094198146191
7113.4	0.045802515168048355
7113.5	0.04628651784441474
7113.6	0.04685762038209138
7113.7	0.04751265732144316
7113.8	0.04824926590420999
7113.9	0.04906595289899336
7114.0	0.0499621351738725
7114.1	0.05093815640277617
7114.2	0.051995278314525994
7114.3	0.053135631369263366
7114.4	0.05436215668392008
7114.5	0.05567856307297685
7114.6	0.05708931113763354
7114.7	0.05859960451485258
7114.8	0.060215399423856945
7114.9	0.06194345080753734
7115.0	0.06379140938851527
7115.1	0.06576794100036851
7115.2	0.06788287455835004
7115.3	0.0701473611676888
7115.4	0.07257406346246695
7115.5	0.0751773982457777
7115.6	0.07797380299612841
7115.7	0.08098204374200209
7115.8	0.08422354123387261
7115.9	0.08772270666271867
7116.0	0.09150735215943875
7116.1	0.09560902889998894
7116.2	0.10006341692071899
7116.3	0.10491055582540809
7116.4	0.11019490047316943
7116.5	0.11596497094018984
7116.6	0.12227247742407772
7116.7	0.12917069733919992
7116.8	0.13671208869217652
7116.9	0.14494548977579483
7117.0	0.15391374845533493
7117.2	0.17419787696418015
7117.4	0.19786734482381282
7117.6	0.22544293736747034
7117.8	0.25779166754533167
7118.0	0.29589309356381693
7118.2	0.34048737928066397
7118.4	0.3919779835684442
7118.6	0.45057609087419076
7118.8	0.5162942468873848
7119.0	0.5883847460168529
7119.2	0.6641876156976143
7119.4	0.738135004156958
7119.6	0.8024534048979655
7119.8	0.8502651309316724
7120.0	0.8790961118312086
7120.2	0.8916762482595514
7120.4	0.8935500667125826
7120.6	0.8900653562728218
7120.8	0.8848645832598108
7121.0	0.8797422506388644
7121.2	0.8750628755260472
7121.4	0.8704329035404836
7121.6	0.8654681676910179
7121.8	0.8603440848787677
7122.0	0.8558967692219874
7122.2	0.8533336936119102
7122.4	0.8537807083816981
7122.6	0.8578642229097652
7122.8	0.8654404032926096
7123.0	0.8755421892808027
7123.2	0.8865804867247606
7123.4	0.8967449613832853
7123.6	0.9044492239478986
7123.8	0.9086671849897476
7124.0	0.9090939930053931
7124.2	0.9061344990650342
7124.4	0.9007400912505168
7124.6	0.8941338350665073
7124.8	0.8875019624461439
7125.0	0.8817539364341348
7125.2	0.877426508881656
7125.4	0.8747374194977144
7125.6	0.8737266840198439
7125.8	0.8743943024480445
7126.0	0.8767722555506834
7126.2	0.8809209249277371
7126.4	0.8868852586740501
7126.6	0.8946562671706533
7126.8	0.9041612379242944
7127.0	0.9152808397097228
7127.2	0.9278729888147407
7127.4	0.941786611908181
7127.6	0.9568574296699489
7127.8	0.9728914095277875
7128.0	0.9896462295402885
7128.2	1.0068225274403737
7128.4	1.0240711400629605
7128.6	1.0410139465323058
7128.8	1.0572738601766183
7129.0	1.072504661334372
7129.2	1.0864155795867068
7129.4	1.0987856930586088
7129.6	1.1094694972094226
7129.8	1.1183935635585456
7130.0	1.1255496980285087
7130.2	1.1309855535552626
7130.4	1.134796038239957
7130.6	1.137114803054872
7130.8	1.1381063659825519
7131.0	1.1379583157090913
7131.2	1.136872322005163
7131.4	1.1350551461070508
7131.6	1.1327097306518297
7131.8	1.1300272442623525
7132.0	1.1271807172152306
7133.0	1.1148549949591215
7134.0	1.110670844431093
7135.0	1.1136794232821052
7136.0	1.1199035013287133
7137.0	1.1257913835367155
7138.0	1.127792090859263
7139.0	1.1226921129545133
7140.0	1.1088785689819833
7141.0	1.086573017249887
7142.0	1.0570999548043538
7143.0	1.0220235753459648
7144.0	0.9829980483191408
7145.0	0.9422823138178711
7146.0	0.9028407981398242
7147.0	0.8676481105138912
7148.0	0.8389068666957434
7149.0	0.8177495995671562
7150.0	0.8043651706806262
7151.0	0.7982795168553086
7152.0	0.7985876300789052
7153.0	0.8040646946554457
7154.0	0.8132355379783859
7155.0	0.8245502065400235
7156.0	0.836695579537704
7157.0	0.8488791385274647
7158.0	0.8608837802335
7159.0	0.8728724315553518
7160.0	0.8851038821435129
7161.0	0.8977235569844884
7162.0	0.9106761659439124
7163.0	0.9237113521112097
7164.0	0.9364441529537229
7165.0	0.9484572273996754
7166.0	0.9594231305669817
7167.0	0.9691995400809923
7168.0	0.9778418256302233
7169.0	0.9855150620762714
7170.0	0.9923521048499153
7171.0	0.9983442029946366
7172.0	1.0033326459808518
7173.0	1.0071027171572615
7174.0	1.0095278458709493
7175.0	1.0106863134056798
7176.0	1.0108914835589602
7177.0	1.0106204425693415
7178.0	1.0103754953409776
7179.0	1.0105442296934817
7180.0	1.0113223488362642
7181.0	1.0127255249369078
7182.0	1.014674522061847
7183.0	1.0171093563818554
7184.0	1.0200813403237903
7185.0	1.0237794149942987
7186.0	1.028471836987743
7187.0	1.0343839036573963
7188.0	1.0415730530996787
7189.0	1.0498604475850157
7190.0	1.058847918591821
7191.0	1.0680023737598268
7192.0	1.0767674113627652
7193.0	1.0846684908948911
7194.0	1.0913925667752982
7195.0	1.0968328773344618
7196.0	1.1010887061517902
7197.0	1.1044170926864734
7198.0	1.1071531985731633
7199.0	1.109633060542166
7200.0	1.112146096591788
7201.0	1.1149222977701627
7202.0	1.1181354898954037
7203.0	1.1218995945105508
7204.0	1.1262484221294249
7205.0	1.1311098966919735
7206.0	1.1362957930789033
7207.0	1.1415244100444728
7208.0	1.146477371879714
7209.0	1.150875443517541
7210.0	1.1545444809232386
7211.0	1.1574451047924739
7212.0	1.159656789721264
