Energia	Absorção
9619.0	0.006647019722373604
9619.5	0.0067388514484060125
9620.0	0.006833042947222212
9620.5	0.006929684387967905
9621.0	0.007028870332644496
9621.5	0.007130700314116787
9622.0	0.007235279182916983
9622.5	0.007342717338447889
9623.0	0.0074531306133812075
9623.5	0.007566641776476945
9624.0	0.007683379954575806
9624.5	0.007803481441809496
9625.0	0.00792709027760832
9625.5	0.008054358593505284
9626.0	0.008185447653549291
9626.5	0.008320527854305555
9627.0	0.008459779765268476
9627.5	0.008603394822470363
9628.0	0.008751576484496424
9628.5	0.008904540463687572
9629.0	0.009062516113358107
9629.5	0.009225747583810047
9630.0	0.009394494747145593
9630.5	0.009569034700085464
9631.0	0.009749663151186966
9631.5	0.009936695576858714
9632.0	0.010130469648991218
9632.5	0.010331346506573094
9633.0	0.010539713298923555
9633.5	0.01075598503531592
9634.0	0.010980607475013903
9634.5	0.011214060132910526
9635.0	0.011456858938361103
9635.5	0.01170956062803976
9636.0	0.011972764364359517
9636.5	0.012247120174379802
9637.0	0.012533329759016538
9637.5	0.012832156087964158
9638.0	0.01314442455571029
9638.5	0.013471035697697373
9639.0	0.013812967502351838
9639.5	0.01417129043927543
9640.0	0.014547173239318093
9640.5	0.014941896766754878
9641.0	0.015356864423417634
9641.5	0.015793622956959723
9642.0	0.016253875177017214
9642.5	0.01673950423151797
9643.0	0.017252595570960077
9643.5	0.017795462380735323
9644.0	0.018370681417584404
9644.5	0.01898113231409663
9645.0	0.019630035727194326
9645.5	0.02032101229488203
9646.0	0.021058143905025
9646.5	0.02184604999231871
9647.0	0.022689975395405158
9647.5	0.023595908270370974
9648.0	0.024570709564392924
9648.5	0.02562228410591121
9649.0	0.026759788687273876
9649.5	0.027993900260144537
9650.0	0.029337151179761763
9650.5	0.030804369646535636
9651.0	0.03241326464948011
9651.5	0.03418520743214262
9652.0	0.03614632508249917
9652.5	0.03832904959263717
9653.0	0.040774426420088425
9653.5	0.04353568888524644
9654.0	0.04668409373351365
9654.1	0.04736831917542019
9654.2	0.04807283729916962
9654.3	0.048798700078128456
9654.4	0.04954704849879455
9654.5	0.05031912412094316
9654.6	0.05111627948176002
9654.7	0.051939998904105195
9654.8	0.05279190890064545
9654.9	0.053673803606177545
9655.0	0.05458766674190687
9655.1	0.05553570167183
9655.2	0.05652036377114523
9655.3	0.05754439973075275
9655.4	0.05861089842190031
9655.5	0.059723345228873924
9655.6	0.06088569487792304
9655.7	0.062102446578215634
9655.8	0.06337874921917451
9655.9	0.06472051697194628
9656.0	0.06613456801116402
9656.1	0.06762878866903321
9656.2	0.06921233226985762
9656.3	0.07089583068072815
9656.4	0.07269163707460648
9656.5	0.07461407331746925
9656.6	0.07667963805095147
9656.7	0.0789071350099773
9656.8	0.08131757360549641
9656.9	0.08393367068215368
9657.0	0.08677860202242518
9657.1	0.08987356084359646
9657.2	0.09323348169942865
9657.3	0.09686035871525984
9657.4	0.10073395238592246
9657.5	0.10480096465420088
9657.6	0.10896603240039204
9657.7	0.11309057027160235
9657.8	0.11700766824303944
9657.9	0.12055724602469088
9658.0	0.12362051154716064
9658.1	0.12616362826051472
9658.2	0.12825318261081387
9658.3	0.130038890060373
9658.4	0.1317137819418871
9658.5	0.13347084334746384
9658.6	0.1354713845667442
9658.7	0.13782986261404212
9658.8	0.14061107211265111
9658.9	0.14383301221127212
9659.0	0.14747055115057572
9659.1	0.1514584550216869
9659.2	0.15569571126111953
9659.3	0.1600544530841725
9659.4	0.16439684885952935
9659.5	0.16859969054168372
9659.6	0.17258149065523928
9659.7	0.17632250446931566
9659.8	0.17986974710129608
9659.9	0.18332485536259882
9660.0	0.18682121022798914
9660.1	0.19049969520756138
9660.2	0.1944905237958347
9660.3	0.19890402603468454
9660.4	0.20382901853263286
9660.5	0.2093359488248002
9660.6	0.21548203963827006
9660.7	0.22231672216112514
9660.8	0.2298862601012014
9660.9	0.23823762233529483
9661.0	0.24742132670529546
9661.1	0.2574935670852138
9661.2	0.26851795896336134
9661.3	0.2805667416976256
9661.4	0.29372187672942546
9661.5	0.30807599551575476
9661.6	0.3237332434199055
9661.7	0.34081029700439375
9661.8	0.35943745068476646
9661.9	0.3797598074247313
9662.0	0.4019387468748107
9662.1	0.4261534050711432
9662.2	0.4526022928560475
9662.3	0.48150469465579593
9662.4	0.5131016626532463
9662.5	0.5476561092690164
9662.6	0.5854513274626841
9662.7	0.6267872568053421
9662.8	0.6719736745530825
9662.9	0.7213196990336254
9663.0	0.7751189117372761
9663.1	0.8336299825107464
9663.2	0.8970527631733932
9663.3	0.9655007743676332
9663.4	1.0389720277482017
9663.5	1.1173215012724198
9663.6	1.2002398800900702
9663.7	1.2872437419786928
9663.8	1.3776798114776376
9663.9	1.47074454277689
9664.0	1.565514048937355
9664.2	1.7560583316314542
9664.4	1.9405774657688002
9664.6	2.109801022757457
9664.8	2.254641571130687
9665.0	2.3677682437410126
9665.2	2.4453159054772486
9665.4	2.487413105172761
9665.6	2.497355178298748
9665.8	2.480366386435731
9666.0	2.4427517492965625
9666.2	2.391456371927149
9666.4	2.333548937343602
9666.6	2.275224990667768
9666.8	2.220489313585212
9667.0	2.1702046398580026
9667.2	2.1221610162060274
9667.4	2.0722726243140546
9667.6	2.016390758667795
9667.8	1.9518831738214077
9668.0	1.878325149978316
9668.2	1.7972397364906927
9668.4	1.7113221816049062
9668.6	1.6236344214265344
9668.8	1.5370187492703284
9669.0	1.4537728599312634
9669.2	1.375539912687652
9669.4	1.303347835800558
9669.6	1.237727702417904
9669.8	1.1788519899312226
9670.0	1.1266568400891182
9670.2	1.0809373146076033
9670.4	1.041409241955937
9670.6	1.0077424180984809
9670.8	0.9795710221870407
9671.0	0.9564938940043942
9671.2	0.9380773546401294
9671.4	0.9238678648514852
9671.6	0.9134141396243434
9671.8	0.9062918868875631
9672.0	0.9021228933154898
9672.2	0.9005817754537353
9672.4	0.9013885234244378
9672.6	0.9042900624919786
9672.8	0.9090372252503864
9673.0	0.9153645791670216
9673.2	0.9229784387102572
9673.4	0.931556044579048
9673.6	0.940754950542203
9673.8	0.9502301902565106
9674.0	0.9596549121289283
9674.2	0.9687404246112827
9674.4	0.9772519873609163
9674.6	0.9850179899973127
9674.8	0.9919316167632493
9675.0	0.997945586657964
9675.2	1.003061830225987
9675.4	1.0073183456701307
9675.6	1.0107758584419857
9675.8	1.0135056946478351
9676.0	1.0155802554876239
9676.2	1.017066069606678
9676.4	1.0180196083225335
9676.6	1.0184851816782021
9676.8	1.0184947534798237
9677.0	1.018069143551938
9677.2	1.0172201894849564
9677.4	1.0159535557508526
9677.6	1.0142717509015005
9677.8	1.0121771100865722
9678.0	1.0096743498459955
9678.2	1.006772672056692
9678.4	1.0034870702291723
9678.6	0.9998389999960559
9678.8	0.9958564137925121
9679.0	0.9915730903677404
9680.0	0.9670889073467711
9681.0	0.9413604941563625
9682.0	0.9184178914030229
9683.0	0.9003643059705242
9684.0	0.888116099142337
9685.0	0.8820294506041527
9686.0	0.8821426822428967
9687.0	0.8882599651703278
9688.0	0.8999056918232803
9689.0	0.9162335900888499
9690.0	0.936036803752478
9691.0	0.9578461075058916
9692.0	0.9799806328716367
9693.0	1.000567716975281
9694.0	1.0177276221324978
9695.0	1.0300068101543383
9696.0	1.0368280251060715
9697.0	1.0386144955253251
9698.0	1.0365061096957495
9699.0	1.0318865825191055
9700.0	1.0259967801620882
9701.0	1.0197728548796379
9702.0	1.013875226303179
9703.0	1.0087773402484108
9704.0	1.004817654695847
9705.0	1.0022234305731124
9706.0	1.0011580821165793
9707.0	1.0017906186737167
9708.0	1.0043292500500791
9709.0	1.0089769839851244
9710.0	1.0158331221405987
9711.0	1.0248074953707955
9712.0	1.0356002219053566
9713.0	1.0477493235942936
9714.0	1.0607085950574116
9715.0	1.073914247931101
9716.0	1.0868246777736275
9717.0	1.0989448675352038
9718.0	1.1098535885836143
9719.0	1.1192353645103523
9720.0	1.126900874789872
9721.0	1.1327750478283
9722.0	1.1368467743244783
9723.0	1.1390994654676267
9724.0	1.1394592172387052
9725.0	1.1377929839072083
9726.0	1.1339643557398864
9727.0	1.1279233119811656
9728.0	1.1197865869942962
9729.0	1.1098674260794366
9730.0	1.0986378300339235
9731.0	1.0866394264197863
9732.0	1.074381358786306
9733.0	1.0622644983470326
9734.0	1.0505535609054988
9735.0	1.0393943199139313
9736.0	1.0288565292986376
9737.0	1.0189794241981474
9738.0	1.0098042627766952
9739.0	1.001388233080924
9740.0	0.9938022912924172
9741.0	0.987119139174938
9742.0	0.9813987276502351
9743.0	0.9766759336814619
9744.0	0.9729496012539303
9745.0	0.9701691316047221
9746.0	0.9682177325698523
9747.0	0.9668996099415204
9748.0	0.965943331470853
9749.0	0.9650308543967353
9750.0	0.9638503090764882
9751.0	0.962158458459493
9752.0	0.9598319442183334
9753.0	0.9568887308212704
9754.0	0.9534717363642492
9755.0	0.9498011238447062
9756.0	0.9461131942251284
9757.0	0.9426069091935633
9758.0	0.9394132683345181
9759.0	0.9365911012354937
