Energy	Absorption
7072.0	0.004396299413006442
7072.5	0.0044511908627410885
7073.0	0.004507398923006775
7073.5	0.0045649719170540405
7074.0	0.004623959950548402
7074.5	0.004684416099847004
7075.0	0.0047463960159064116
7075.5	0.004809958122328708
7076.0	0.004875163813407609
7076.5	0.00494207785022068
7077.0	0.0050107685586754415
7077.5	0.005081307631463266
7078.0	0.005153771118289919
7078.5	0.00522823883173723
7079.0	0.005304795733585856
7079.5	0.005383530746538633
7080.0	0.005464539130773873
7080.5	0.0055479205034842825
7081.0	0.0056337814134763756
7081.5	0.005722234548986037
7082.0	0.005813399529862958
7082.5	0.005907403303662855
7083.0	0.006004381531970227
7083.5	0.006104477996260036
7084.0	0.00620784638031268
7084.5	0.006314650666306211
7085.0	0.00642506553090856
7085.5	0.006539278721830828
7086.0	0.006657490265642865
7086.5	0.006779915438464893
7087.0	0.006906784765967512
7087.5	0.007038346201878886
7088.0	0.0071748665143075195
7088.5	0.007316633662295549
7089.0	0.007463957786049292
7089.5	0.007617174573723101
7090.0	0.007776647637972659
7090.5	0.0079427710905544
7091.0	0.008115972909109355
7091.5	0.008296719690269764
7092.0	0.008485519224258489
7092.5	0.008682927426502823
7093.0	0.008889552100510553
7093.5	0.009106061057760417
7094.0	0.009333188059085375
7094.5	0.00957174251893193
7095.0	0.009822619209619467
7095.5	0.010086809946060654
7096.0	0.010365416854850748
7096.5	0.010659669208186824
7097.0	0.01097094164410979
7097.5	0.011300776941806893
7098.0	0.011650913153928612
7098.5	0.012023315492012188
7099.0	0.012420216133749452
7099.5	0.01284416056577631
7100.0	0.013298066799459244
7100.5	0.013785296865540569
7101.0	0.014309745736841283
7101.5	0.014875955600865815
7102.0	0.015489256868631451
7102.5	0.016155952555595616
7103.0	0.016883557323309113
7103.5	0.017681110590314117
7104.0	0.018559597974263573
7104.5	0.01953252186276057
7105.0	0.02061669498411612
7105.5	0.021833361546370875
7106.0	0.0232098315137846
7106.5	0.02478191162282122
7107.0	0.02659767360546021
7107.1	0.026995492785049906
7107.2	0.027406270121535816
7107.3	0.027830692834915332
7107.4	0.028269505578557397
7107.5	0.02872351043920249
7107.6	0.029193568917423723
7107.7	0.02968062173223771
7107.8	0.030185678918799124
7107.9	0.030709845574394858
7108.0	0.03125431789752182
7108.1	0.03182040893388109
7108.2	0.032409544615455754
7108.3	0.0330232914869661
7108.4	0.03366337453001945
7108.5	0.034331689045876614
7108.6	0.03503032640144613
7108.7	0.035761609677583746
7108.8	0.036528115454164456
7108.9	0.03733271738022636
7109.0	0.038178629744114644
7109.1	0.03906946094593094
7109.2	0.04000928083321026
7109.3	0.041002690017059126
7109.4	0.04205491889520992
7109.5	0.043171938557841745
7109.6	0.04436059743939556
7109.7	0.045628791638227674
7109.8	0.04698567286502388
7109.9	0.04844190788320204
7110.0	0.05001000132406931
7110.1	0.05170470366180618
7110.2	0.05354352217242709
7110.3	0.05554737448593933
7110.4	0.057741404536311165
7110.5	0.06015604408861475
7110.6	0.06282832182380507
7110.7	0.06580353484787786
7110.8	0.06913725885987354
7110.9	0.07289775045117647
7111.0	0.07716847813478489
7111.1	0.08205033650080693
7111.2	0.08766221064787053
7111.3	0.09413722122890134
7111.4	0.10160957418950099
7111.5	0.11018378638310684
7111.6	0.11987684620492839
7111.7	0.13053233683826648
7111.8	0.14173674791033428
7111.9	0.15282085587363545
7112.0	0.1630455922594969
7112.1	0.1719529853437152
7112.2	0.17965678885024017
7112.3	0.18684186998869923
7112.4	0.194471271533085
7112.5	0.20343397295409682
7112.6	0.21430519917463003
7112.7	0.2272197067084687
7112.8	0.24179083033286847
7112.9	0.2570684240364392
7113.0	0.27163154659804495
7113.1	0.28394169662638963
7113.2	0.29293051438776374
7113.3	0.29851703863290596
7113.4	0.3016737153650529
7113.5	0.30398661665082505
7113.6	0.3070440920870937
7113.7	0.3120050282838828
7113.8	0.31943653027362845
7113.9	0.3293257052546502
7114.0	0.3411613764156261
7114.1	0.35405201939335906
7114.2	0.36689602251247894
7114.3	0.3786167279073192
7114.4	0.3884258130419582
7114.5	0.39602575324720474
7114.6	0.40166444283739455
7114.7	0.40602302179438804
7114.8	0.4100018473378331
7114.9	0.4145025243778624
7115.0	0.4202760041496747
7115.1	0.427855842674882
7115.2	0.4375606763378694
7115.3	0.4495392179617052
7115.4	0.46383361175833365
7115.5	0.4804423129681066
7115.6	0.4993683516964878
7115.7	0.5206428013779419
7115.8	0.5443196295771063
7115.9	0.5704448622096568
7116.0	0.5990101021205823
7116.1	0.6299034928676542
7116.2	0.662872406834538
7116.3	0.6975093443478474
7116.4	0.733268510136449
7116.5	0.7695135028344514
7116.6	0.8055867697515475
7116.7	0.8408818342888794
7116.8	0.8748932431676683
7116.9	0.9072255577225518
7117.0	0.9375586760279399
7117.2	0.9909410540230518
7117.4	1.0316396085918091
7117.6	1.0546517544407512
7117.8	1.0552625682493908
7118.0	1.0330417750418346
7118.2	0.9938002060860074
7118.4	0.9469150673671738
7118.6	0.9010361415131203
7118.8	0.8617096503858566
7119.0	0.8311712770933488
7119.2	0.8092195097199333
7119.4	0.7944142559857567
7119.6	0.7850743420827716
7119.8	0.7797747470400018
7120.0	0.7774735700838683
7120.2	0.7775583734276396
7120.4	0.779879394603871
7120.6	0.7846840526162371
7120.8	0.7924378548433797
7121.0	0.8035796516577017
7121.2	0.8182521352805653
7121.4	0.8360719478592421
7121.6	0.8560404814995285
7121.8	0.8766631416324405
7122.0	0.8962531893542744
7122.2	0.9133229221006312
7122.4	0.9269276995419442
7122.6	0.9368352730064698
7122.8	0.943468490741023
7123.0	0.9476772082075174
7123.2	0.9504518539958651
7123.4	0.9526736738762183
7123.6	0.9549502337010327
7123.8	0.9575465389684414
7124.0	0.9604011953847283
7124.2	0.9632084593671888
7124.4	0.965542432758933
7124.6	0.9669944474145336
7124.8	0.9672905659563525
7125.0	0.9663605414296125
7125.2	0.9643452638360858
7125.4	0.9615501796893141
7125.6	0.9583673806754217
7125.8	0.9551936521733105
7126.0	0.9523650190157147
7126.2	0.9501183443487121
7126.4	0.9485784764392654
7126.6	0.9477650614613636
7126.8	0.9476107241288064
7127.0	0.9479857442403556
7127.2	0.9487251889966353
7127.4	0.9496562433631409
7127.6	0.950622213258621
7127.8	0.9515000922449244
7128.0	0.9522090577050657
7128.2	0.9527094013942387
7128.4	0.9529945877908539
7128.6	0.9530799654683406
7128.8	0.9529925281113228
7129.0	0.9527639036833695
7129.2	0.9524272054938655
7129.4	0.9520163786458525
7129.6	0.9515667149559114
7129.8	0.9511147737357196
7130.0	0.9506973717568956
7130.2	0.9503493453299705
7130.4	0.9501010747280281
7130.6	0.9499760680241784
7130.8	0.9499894955503524
7131.0	0.9501477541958631
7131.2	0.9504490417411205
7131.4	0.9508846441573396
7131.6	0.9514407378261287
7131.8	0.9521000729314146
7132.0	0.9528437162652001
7133.0	0.9571814607715521
7134.0	0.9613028597086938
7135.0	0.96427731421617
7136.0	0.965476780473879
7137.0	0.9645458647396495
7138.0	0.9618894128690102
7139.0	0.958302599793246
7140.0	0.9544489789997594
7141.0	0.9508864661815403
7142.0	0.948201416452796
7143.0	0.9468605056642102
7144.0	0.9469616280073435
7145.0	0.9481764230338704
7146.0	0.9498956216947999
7147.0	0.9514070501830285
7148.0	0.9520184977392162
7149.0	0.9511821490219199
7150.0	0.9486577542966023
7151.0	0.9446194753113073
7152.0	0.9395805485568883
7153.0	0.9341440244345214
7154.0	0.9287452082912625
7155.0	0.9235658074318995
7156.0	0.9186433515940426
7157.0	0.9140422453722608
7158.0	0.909949107614839
7159.0	0.9066628295091191
7160.0	0.9045278330428467
7161.0	0.9038598433226079
7162.0	0.9048856033383228
7163.0	0.907704908524196
7164.0	0.9122825462820897
7165.0	0.9184741409987175
7166.0	0.9260772103324825
7167.0	0.9348830136847509
7168.0	0.9447035062752545
7169.0	0.9553606842614392
7170.0	0.966646183332278
7171.0	0.9782734901822266
7172.0	0.989847502824308
7173.0	1.0008706502148714
7174.0	1.010790859021136
7175.0	1.0190807918693048
7176.0	1.0253270275073396
7177.0	1.0293049618432952
7178.0	1.031021051180317
7179.0	1.0307111684339394
7180.0	1.028796518068274
7181.0	1.0258095074375022
7182.0	1.0223092009020447
7183.0	1.0188067554686127
7184.0	1.0157153943431352
7185.0	1.0133304042737739
7186.0	1.0118331558869327
7187.0	1.0113054620301398
7188.0	1.0117401534342585
7189.0	1.013042286794749
7190.0	1.0150253620909913
7191.0	1.0174134614842596
7192.0	1.0198600438934453
7193.0	1.021988267182798
7194.0	1.0234486393841884
7195.0	1.0239814032213654
7196.0	1.0234655129126546
7197.0	1.021938914092495
7198.0	1.0195839280086112
7199.0	1.016684433953301
7200.0	1.0135694459270481
7201.0	1.0105591252692754
7202.0	1.0079238643322734
7203.0	1.0058600852467114
7204.0	1.0044812684329087
7205.0	1.0038211807524093
7206.0	1.003844906676239
7207.0	1.0044651672842666
7208.0	1.0055604612887672
7209.0	1.0069930278164876
7210.0	1.0086250663849514
7211.0	1.0103321842332464
7212.0	1.0120134174551265
