Energia	Absorção
7072.0	0.004582575419077586
7072.5	0.004638463648675053
7073.0	0.004695670778063538
7073.5	0.004754243707346108
7074.0	0.004814231986349164
7074.5	0.0048756872846777806
7075.0	0.0049386640541465325
7075.5	0.0050032193962933355
7076.0	0.005069413062379438
7076.5	0.005137307983334095
7077.0	0.005206970667213069
7077.5	0.005278470404281621
7078.0	0.005351880856848522
7078.5	0.005427278999376713
7079.0	0.005504746708317311
7079.5	0.0055843695697341015
7080.0	0.0056662386016237114
7080.5	0.00575044945899861
7081.0	0.005837103758748773
7081.5	0.005926308549697016
7082.0	0.006018177504974499
7082.5	0.006112831054506892
7083.0	0.006210396782472875
7083.5	0.006311010089734968
7084.0	0.00641481512124271
7084.5	0.006521964898518815
7085.0	0.006632622247062344
7085.5	0.006746960856238042
7086.0	0.006865165941707168
7086.5	0.0069874349078583335
7087.0	0.007113978937641501
7087.5	0.007245023787484987
7088.0	0.007380811509615632
7088.5	0.0075216012469758
7089.0	0.0076676713530020495
7089.5	0.007819320848972966
7090.0	0.00797687154378783
7090.5	0.008140670153745306
7091.0	0.008311090819780575
7091.5	0.008488537359730208
7092.0	0.008673447242917154
7092.5	0.008866293974901745
7093.0	0.009067591866983698
7093.5	0.009277899480842471
7094.0	0.009497825590414746
7094.5	0.009728033553937957
7095.0	0.009969248998147955
7095.5	0.010222265780156524
7096.0	0.01048795526148305
7096.5	0.010767274919655383
7097.0	0.011061280271964829
7097.5	0.011371136666735034
7098.0	0.011698134121772638
7098.5	0.012043704415082818
7099.0	0.012409441090280476
7099.5	0.012797122641669448
7100.0	0.013208739541420522
7100.5	0.013646526963654674
7101.0	0.014113005457696276
7101.5	0.014611022283757156
7102.0	0.01514381142917019
7102.5	0.015715059983958887
7103.0	0.016328991607122513
7103.5	0.01699046456639955
7104.0	0.017705097600126226
7104.5	0.018479431550360057
7105.0	0.01932112544240679
7105.5	0.020239206883675774
7106.0	0.021244412553128745
7106.5	0.022349618781322116
7107.0	0.02357043906301948
7107.1	0.023830089427402362
7107.2	0.02409528831245303
7107.3	0.02436621987394342
7107.4	0.02464307091736878
7107.5	0.024926040171979403
7107.6	0.02521533696591891
7107.7	0.025511178576500933
7107.8	0.025813795529655806
7107.9	0.026123426300483865
7108.0	0.026440325262425454
7108.1	0.026764757387814288
7108.2	0.027097006197047434
7108.3	0.027437367134276965
7108.4	0.027786154191718326
7108.5	0.02814369858478865
7108.6	0.028510352726691765
7108.7	0.028886490228418195
7108.8	0.029272507223606827
7108.9	0.02966883031771493
7109.0	0.03007591128857147
7109.1	0.030494236360408798
7109.2	0.03092432620386264
7109.3	0.03136674256028046
7109.4	0.03182209486602977
7109.5	0.0322910389276365
7109.6	0.032774296794709994
7109.7	0.03327265146049635
7109.8	0.03378697070938845
7109.9	0.03431820976664931
7110.0	0.03486743382106042
7110.1	0.03543583657298512
7110.2	0.036024768056463645
7110.3	0.03663575981158481
7110.4	0.037270572579506084
7110.5	0.03793124267261199
7110.6	0.03862014689273588
7110.7	0.039340078048274996
7110.8	0.04009434299395398
7110.9	0.04088686067058834
7111.0	0.041722265444294575
7111.1	0.04260596805012696
7111.2	0.04354408272468574
7111.3	0.04454308671666833
7111.4	0.04560888493453137
7111.5	0.046744929967783046
7111.6	0.047949121910678724
7111.7	0.04921004443022072
7111.8	0.05050490593112537
7111.9	0.05180313655525308
7112.0	0.05308142536154613
7112.1	0.0543280870700881
7112.2	0.0555485059186999
7112.3	0.05676304768095012
7112.4	0.0579988441989485
7112.5	0.05928299684298644
7112.6	0.06063887219831176
7112.7	0.06208505939899553
7112.8	0.06363595571678965
7112.9	0.06530307684931695
7113.0	0.06709641357841979
7113.1	0.06902556850147165
7113.2	0.07110059334395165
7113.3	0.07333259442122703
7113.4	0.07573417514235051
7113.5	0.07831979372271071
7113.6	0.081106103673481
7113.7	0.08411229561593003
7113.8	0.08736049341506048
7113.9	0.09087618078506648
7114.0	0.09468871666052261
7114.1	0.09883190886148631
7114.2	0.10334470832101225
7114.3	0.10827198147950515
7114.4	0.11366539264259079
7114.5	0.11958435523179434
7114.6	0.12609706252691816
7114.7	0.13328150780952674
7114.8	0.14122642501473137
7114.9	0.1500319061167276
7115.0	0.15980938523045513
7115.1	0.1706805509001682
7115.2	0.18277423267451434
7115.3	0.1962202802456259
7115.4	0.21113913678778856
7115.5	0.2276254371699853
7115.6	0.24572499510871368
7115.7	0.26540573570297865
7115.8	0.28652672016848246
7115.9	0.3088147752777915
7116.0	0.331863128752818
7116.1	0.35516820067335486
7116.2	0.37821068501118976
7116.3	0.4005654336568924
7116.4	0.4219998009014695
7116.5	0.44251145498838446
7116.6	0.46227890777885455
7116.7	0.48153973346728
7116.8	0.5004468210902089
7116.9	0.5189616039244702
7117.0	0.5368250185194003
7117.2	0.5688791721807043
7117.4	0.5936464409303275
7117.6	0.611314981622434
7117.8	0.6261175418073334
7118.0	0.6443756989364011
7118.2	0.671748109427932
7118.4	0.7114598707930038
7118.6	0.7639545864640895
7118.8	0.8275139638515766
7119.0	0.8992023744703435
7119.2	0.9756586177701044
7119.4	1.0536938312064157
7119.6	1.1308661489893987
7119.8	1.205934586442761
7120.0	1.2788279587490532
7120.2	1.3499866101810432
7120.4	1.4194997171776391
7120.6	1.4866564252105936
7120.8	1.5500567529547742
7121.0	1.607930552734862
7121.2	1.658459716883138
7121.4	1.7002536705923166
7121.6	1.7329699371210836
7121.8	1.7577607486625566
7122.0	1.7772767559569567
7122.2	1.7951030346793182
7122.4	1.814679853124304
7122.6	1.8380868466530005
7122.8	1.8652188212489271
7123.0	1.893674995082546
7123.2	1.9193496218430932
7123.4	1.9374160979859587
7123.6	1.9432641698770026
7123.8	1.9331226187767638
7124.0	1.904460296467522
7124.2	1.8564147180030661
7124.4	1.7902321807549795
7124.6	1.7093554702550955
7124.8	1.6188501950930265
7125.0	1.5243186653203045
7125.2	1.4308083389216832
7125.4	1.3421405144076937
7125.6	1.2607462466969999
7125.8	1.187844699994213
7126.0	1.123752860702145
7126.2	1.068187552887765
7126.4	1.0205038471394503
7126.6	0.9798655570151111
7126.8	0.9453631914765365
7127.0	0.9160953013958445
7127.2	0.8912236732925914
7127.4	0.8700073650300372
7127.6	0.8518190413595175
7127.8	0.8361467624836971
7128.0	0.822586021637941
7128.2	0.8108258605400299
7128.4	0.8006321761331346
7128.6	0.7918297819588261
7128.8	0.7842842443035989
7129.0	0.7778848577264309
7129.2	0.7725307340112636
7129.4	0.7681218328535069
7129.6	0.76455563645725
7129.8	0.7617293885514819
7130.0	0.7595456720577161
7130.2	0.7579191658844991
7130.4	0.7567817191476021
7130.6	0.7560842987166729
7130.8	0.7557950151713501
7131.0	0.755894154570006
7131.2	0.7563674878983205
7131.4	0.7571994215344552
7131.6	0.7583676978023788
7131.8	0.7598401093149295
7132.0	0.7615736113164966
7133.0	0.7721206230817712
7134.0	0.7802958277421992
7135.0	0.7810934607097356
7136.0	0.7740730054795957
7137.0	0.7627734590379812
7138.0	0.7524235866889833
7139.0	0.7472046121126226
7140.0	0.7485973464444279
7141.0	0.7557689418937135
7142.0	0.7670707538487812
7143.0	0.7813273915345474
7144.0	0.7983576668692247
7145.0	0.8187381199051054
7146.0	0.8431395413535815
7147.0	0.8716638660714295
7148.0	0.9034480261733043
7149.0	0.9366228935686319
7150.0	0.9686410772356352
7151.0	0.9969316433606884
7152.0	1.0196980132781857
7153.0	1.0364643364226422
7154.0	1.0479904872040415
7155.0	1.0556159272664976
7156.0	1.0605354036140713
7157.0	1.0634566441014726
7158.0	1.0646889376852193
7159.0	1.0644084909672256
7160.0	1.0628371917797361
7161.0	1.0602598853814844
7162.0	1.056966862212661
7163.0	1.0532117802883223
7164.0	1.0491925474445125
7165.0	1.045026943883564
7166.0	1.0407193548975995
7167.0	1.0361454819648779
7168.0	1.0310880212745273
7169.0	1.025335339423617
7170.0	1.0188070305574848
7171.0	1.011630135661525
7172.0	1.0041066304558455
7173.0	0.9965899085419087
7174.0	0.9893532491360818
7175.0	0.9825282639965162
7176.0	0.9761314211537517
7177.0	0.9701426357048933
7178.0	0.9645845230386232
7179.0	0.9595684245295639
7180.0	0.9552951627094309
7181.0	0.9520104861691192
7182.0	0.9499215237818864
7183.0	0.9490986919454145
7184.0	0.9494104583932522
7185.0	0.9505357693972654
7186.0	0.9520576114986687
7187.0	0.9535929406918576
7188.0	0.9548987640982077
7189.0	0.9559188015940399
7190.0	0.9567695085200176
7191.0	0.9576844977341523
7192.0	0.9589429705844691
7193.0	0.9608075808967537
7194.0	0.9634885974664178
7195.0	0.96713686904304
7196.0	0.9718524359312106
7197.0	0.9776921479451263
7198.0	0.9846655705860335
7199.0	0.9927215244476775
7200.0	1.0017366914059513
7201.0	1.011518171601918
7202.0	1.0218255688858229
7203.0	1.0324070668003291
7204.0	1.043035226342801
7205.0	1.0535269118847979
7206.0	1.0637411316475553
7207.0	1.0735619999809272
7208.0	1.0828817923826455
7209.0	1.0915964674658807
7210.0	1.0996153914438893
7211.0	1.1068773027131185
7212.0	1.1133620898734395
