Energia	Absorção
7072.0	0.004319947632620388
7072.5	0.004368935884980944
7073.0	0.0044189939019987955
7073.5	0.004470157244379067
7074.0	0.004522462904801586
7074.5	0.004575949705691633
7075.0	0.004630658060557493
7075.5	0.004686630451315358
7076.0	0.004743911269181018
7076.5	0.00480254697377817
7077.0	0.004862586331800868
7077.5	0.00492408041701352
7078.0	0.004987082848913337
7078.5	0.005051649792730336
7079.0	0.005117840516306395
7079.5	0.0051857170718786405
7080.0	0.005255344773404361
7080.5	0.0053267924352234505
7081.0	0.005400132451612563
7081.5	0.005475441115001705
7082.0	0.005552798854636698
7082.5	0.0056322907139040685
7083.0	0.005714006350331057
7083.5	0.005798040433356361
7084.0	0.005884493360317491
7084.5	0.0059734712564507705
7085.0	0.006065086452216234
7085.5	0.006159458278839132
7086.0	0.0062567132274182315
7086.5	0.006356985664913163
7087.0	0.006460418629685927
7087.5	0.006567164070163343
7088.0	0.006677384117703451
7088.5	0.006791251484366263
7089.0	0.0069089507357801665
7089.5	0.007030679007129275
7090.0	0.007156647196465682
7090.5	0.007287081237575861
7091.0	0.007422223691063671
7091.5	0.007562334699000157
7092.0	0.007707694212439759
7092.5	0.007858603662057458
7093.0	0.008015388503881584
7093.5	0.008178398935281179
7094.0	0.008348015543310636
7094.5	0.00852464962292632
7095.0	0.008708747472910668
7095.5	0.008900794373579697
7096.0	0.009101320155573519
7096.5	0.00931090238202235
7097.0	0.009530171121795506
7097.5	0.009759820087082448
7098.0	0.010000609020017268
7098.5	0.010253375625801222
7099.0	0.010519044323659254
7099.5	0.010798641362128518
7100.0	0.011093301978931892
7100.5	0.011404295858306043
7101.0	0.011733039064123943
7101.5	0.012081123474930433
7102.0	0.012450339854645769
7102.5	0.012842718425182215
7103.0	0.013260567052436112
7103.5	0.01370652534311
7104.0	0.01418363385682326
7104.5	0.014695417637969787
7105.0	0.015245998387069736
7105.5	0.015840248795820827
7106.0	0.01648399302355679
7106.5	0.01718430820747647
7107.0	0.01794995803276226
7107.1	0.01811185550160102
7107.2	0.01827690411032789
7107.3	0.018445212052587104
7107.4	0.018616894681896395
7107.5	0.018792075307188526
7107.6	0.018970882806186775
7107.7	0.01915345560311242
7107.8	0.019339942464226285
7107.9	0.019530499315662683
7108.0	0.019725296403302985
7108.1	0.019924515110609567
7108.2	0.020128351140791836
7108.3	0.020337016903430743
7108.4	0.020550741514478763
7108.5	0.020769774773967426
7108.6	0.0209943895526318
7108.7	0.021224882587452015
7108.8	0.021461584028151254
7108.9	0.02170485584611279
7109.0	0.02195510058533645
7109.1	0.022212765340146184
7109.2	0.02247835368831255
7109.3	0.022752431259843227
7109.4	0.023035636874564062
7109.5	0.023328700044032084
7109.6	0.023632456086824044
7109.7	0.023947866812615466
7109.8	0.024276048366133188
7109.9	0.024618304639898447
7110.0	0.024976171029009467
7110.1	0.025351463754714552
7110.2	0.025746350667605764
7110.3	0.026163439552725563
7110.4	0.02660588552766958
7110.5	0.027077535035598385
7110.6	0.027583109615324383
7110.7	0.02812842865293229
7110.8	0.028720699754427228
7110.9	0.02936885128208244
7111.0	0.03008390785002806
7111.1	0.030879334793721337
7111.2	0.03177118693620748
7111.3	0.03277773150144781
7111.4	0.03391783873386194
7111.5	0.035207010555151394
7111.6	0.03664952856967816
7111.7	0.03822586541574226
7111.8	0.03987795611021983
7111.9	0.041501743824692516
7112.0	0.0429615219076395
7112.1	0.044131070539947415
7112.2	0.044935113993645276
7112.3	0.04537381217257493
7112.4	0.045511115475889576
7112.5	0.04544340136989197
7112.6	0.04526928517912907
7112.7	0.045070911336897265
7112.8	0.04490714354998808
7112.9	0.044814805843430804
7113.0	0.04481366742354192
7113.1	0.04491203215251584
7113.2	0.045111343142636616
7113.3	0.04540941981464816
7113.4	0.04580251516807761
7113.5	0.04628651784444434
7113.6	0.04685762038212135
7113.7	0.04751265732147351
7113.8	0.048249265904240855
7113.9	0.04906595289902475
7114.0	0.049962135173904486
7114.1	0.05093815640280876
7114.2	0.05199527831455924
7114.3	0.05313563136929738
7114.4	0.05436215668395486
7114.5	0.05567856307301247
7114.6	0.05708931113767006
7114.7	0.05859960451489007
7114.8	0.06021539942389548
7114.9	0.06194345080757696
7115.0	0.06379140938855608
7115.1	0.06576794100041053
7115.2	0.06788287455839342
7115.3	0.07014736116773367
7115.4	0.07257406346251334
7115.5	0.0751773982458257
7115.6	0.07797380299617825
7115.7	0.08098204374205382
7115.8	0.08422354123392643
7115.9	0.08772270666277478
7116.0	0.09150735215949724
7116.1	0.09560902890005
7116.2	0.10006341692078298
7116.3	0.10491055582547518
7116.4	0.11019490047323989
7116.5	0.11596497094026396
7116.6	0.12227247742415588
7116.7	0.12917069733928246
7116.8	0.13671208869226384
7116.9	0.14494548977588745
7117.0	0.1539137484554332
7117.2	0.17419787696429148
7117.4	0.1978673448239392
7117.6	0.2254429373676143
7117.8	0.2577916675454963
7118.0	0.2958930935640059
7118.2	0.34048737928088146
7118.4	0.39197798356869457
7118.6	0.4505760908744785
7118.8	0.5162942468877145
7119.0	0.5883847460172286
7119.2	0.6641876156980384
7119.4	0.7381350041574294
7119.6	0.8024534048984779
7119.8	0.8502651309322155
7120.0	0.87909611183177
7120.2	0.8916762482601208
7120.4	0.8935500667131533
7120.6	0.8900653562733902
7120.8	0.8848645832603759
7121.0	0.8797422506394261
7121.2	0.875062875526606
7121.4	0.8704329035410395
7121.6	0.8654681676915705
7121.8	0.8603440848793171
7122.0	0.855896769222534
7122.2	0.8533336936124551
7122.4	0.8537807083822433
7122.6	0.857864222910313
7122.8	0.8654404032931623
7123.0	0.8755421892813618
7123.2	0.8865804867253269
7123.4	0.896744961383858
7123.6	0.9044492239484762
7123.8	0.908667184990328
7124.0	0.9090939930059736
7124.2	0.9061344990656129
7124.4	0.9007400912510921
7124.6	0.8941338350670783
7124.8	0.8875019624467106
7125.0	0.8817539364346979
7125.2	0.8774265088822163
7125.4	0.874737419498273
7125.6	0.8737266840204019
7125.8	0.874394302448603
7126.0	0.8767722555512433
7126.2	0.8809209249282997
7126.4	0.8868852586746164
7126.6	0.8946562671712246
7126.8	0.9041612379248718
7127.0	0.9152808397103074
7127.2	0.9278729888153332
7127.4	0.9417866119087823
7127.6	0.9568574296705599
7127.8	0.9728914095284088
7128.0	0.9896462295409205
7128.2	1.0068225274410167
7128.4	1.0240711400636144
7128.6	1.0410139465329706
7128.8	1.0572738601772937
7129.0	1.072504661335057
7129.2	1.0864155795874006
7129.4	1.0987856930593105
7129.6	1.1094694972101313
7129.8	1.1183935635592595
7130.0	1.1255496980292274
7130.2	1.130985553555985
7130.4	1.1347960382406816
7130.6	1.137114803055598
7130.8	1.1381063659832786
7131.0	1.137958315709818
7131.2	1.1368723220058892
7131.4	1.1350551461077756
7131.6	1.1327097306525533
7131.8	1.130027244263074
7132.0	1.1271807172159503
7133.0	1.1148549949598334
7134.0	1.1106708444318025
7135.0	1.1136794232828164
7136.0	1.1199035013294283
7137.0	1.1257913835374345
7138.0	1.1277920908599832
7139.0	1.1226921129552303
7140.0	1.1088785689826914
7141.0	1.086573017250581
7142.0	1.0570999548050288
7143.0	1.0220235753466174
7144.0	0.9829980483197686
7145.0	0.9422823138184727
7146.0	0.9028407981404007
7147.0	0.8676481105144453
7148.0	0.8389068666962791
7149.0	0.8177495995676785
7150.0	0.8043651706811399
7151.0	0.7982795168558184
7152.0	0.7985876300794151
7153.0	0.8040646946559592
7154.0	0.8132355379789052
7155.0	0.8245502065405501
7156.0	0.8366955795382384
7157.0	0.8488791385280068
7158.0	0.8608837802340498
7159.0	0.8728724315559092
7160.0	0.8851038821440781
7161.0	0.8977235569850617
7162.0	0.910676165944494
7163.0	0.9237113521117996
7164.0	0.9364441529543207
7165.0	0.9484572274002813
7166.0	0.9594231305675943
7167.0	0.9691995400816111
7168.0	0.9778418256308478
7169.0	0.9855150620769008
7170.0	0.992352104850549
7171.0	0.998344202995274
7172.0	1.0033326459814926
7173.0	1.0071027171579046
7174.0	1.009527845871594
7175.0	1.0106863134063253
7176.0	1.0108914835596057
7177.0	1.010620442569987
7178.0	1.0103754953416229
7179.0	1.010544229694127
7180.0	1.0113223488369099
7181.0	1.0127255249375546
7182.0	1.0146745220624949
7183.0	1.0171093563825047
7184.0	1.0200813403244418
7185.0	1.0237794149949524
7186.0	1.0284718369883998
7187.0	1.0343839036580569
7188.0	1.041573053100344
7189.0	1.0498604475856859
7190.0	1.058847918592497
7191.0	1.0680023737605087
7192.0	1.0767674113634529
7193.0	1.0846684908955841
7194.0	1.0913925667759952
7195.0	1.096832877335162
7196.0	1.1010887061524934
7197.0	1.1044170926871786
7198.0	1.1071531985738705
7199.0	1.1096330605428746
7200.0	1.1121460965924985
7201.0	1.1149222977708748
7202.0	1.1181354898961178
7203.0	1.1218995945112673
7204.0	1.1262484221301439
7205.0	1.1311098966926958
7206.0	1.136295793079629
7207.0	1.1415244100452018
7208.0	1.1464773718804462
7209.0	1.150875443518276
7210.0	1.1545444809239758
7211.0	1.157445104793213
7212.0	1.1596567897220045
