Energia	Absorção
5949.0	0.013149679957230428
5949.5	0.013295812971184293
5950.0	0.013449470752227547
5950.5	0.013606477290628508
5951.0	0.013766944377248527
5951.5	0.013930986287190313
5952.0	0.014098722264039302
5952.5	0.014270279004105024
5953.0	0.014445787344099277
5953.5	0.014625384745377496
5954.0	0.014809215293938754
5954.5	0.014997428872345299
5955.0	0.01519018364396393
5955.5	0.015387646052965985
5956.0	0.015589988340085986
5956.5	0.01579739351110436
5957.0	0.016010052852606083
5957.5	0.016228168416222034
5958.0	0.01645195136246809
5958.5	0.016681624444986498
5959.0	0.016917422838626312
5959.5	0.0171595941394434
5960.0	0.01740839753662001
5960.5	0.017664110437108367
5961.0	0.017927022669067524
5961.5	0.01819744145034607
5962.0	0.018475691388482148
5962.5	0.01876211779302525
5963.0	0.019057085019375322
5963.5	0.01936097978110459
5964.0	0.019674212806118443
5964.5	0.019997219664735916
5965.0	0.02033046408201148
5965.5	0.02067444042197644
5966.0	0.021029674515719347
5966.5	0.021396726973707855
5967.0	0.02177619732619097
5967.5	0.022168725679359968
5968.0	0.022574996855750654
5968.5	0.022995746190806566
5969.0	0.023431762017120314
5969.5	0.02388388897675542
5970.0	0.02435303878629221
5970.5	0.024840191064908267
5971.0	0.02534640492750481
5971.5	0.025872822297028492
5972.0	0.026420681153758688
5972.5	0.026991320503790203
5973.0	0.02758619694064238
5973.5	0.02820689458222454
5974.0	0.028855136663962347
5974.5	0.029532809553130986
5975.0	0.03024197517006199
5975.5	0.030984894174395945
5976.0	0.031764052463657044
5976.5	0.03258219015606899
5977.0	0.03344233388569271
5977.5	0.03434783820644911
5978.0	0.03530242865230266
5978.5	0.03631025970289321
5979.0	0.037375977717650576
5979.5	0.03850479711919627
5980.0	0.03970259562259586
5980.5	0.040976022713898365
5981.0	0.04233263628341138
5981.5	0.043781073210274586
5982.0	0.04533124727368838
5982.5	0.046994616622900706
5983.0	0.048784500932021045
5983.5	0.05071650372105217
5984.0	0.05280904646778331
5984.1	0.05324957119217142
5984.2	0.05369848271540198
5984.3	0.054153744787637556
5984.4	0.05461554289889993
5984.5	0.055084073304256805
5984.6	0.0555641819305275
5984.7	0.05605385074564456
5984.8	0.056550886164484226
5984.9	0.05705552004957372
5985.0	0.05756799088808392
5985.1	0.058093613300371355
5985.2	0.05863021688756495
5985.3	0.05917544327653052
5985.4	0.059729578155024825
5985.5	0.060292921288172374
5985.6	0.060871320580142343
5985.7	0.06146244415637505
5985.8	0.062063758918760405
5985.9	0.06267562259805473
5986.0	0.06329841197086478
5986.1	0.0639385910332178
5986.2	0.06459366063830238
5986.3	0.06526089888566478
5986.4	0.06594076370379628
5986.5	0.06663373206703867
5986.6	0.06734698260485136
5986.7	0.0680778364769643
5986.8	0.06882338132441924
5986.9	0.06958419763161476
5987.0	0.07036089735000665
5987.1	0.07116148222102608
5987.2	0.07198308791438117
5987.3	0.07282259422291965
5987.4	0.0736807348259241
5987.5	0.07455828066629765
5987.6	0.07546417915335035
5987.7	0.07639535231203312
5987.8	0.0773484356514596
5987.9	0.07832432763892286
5988.0	0.07932395738069276
5988.1	0.08035732974481968
5988.2	0.0814210843808196
5988.3	0.08251152970602665
5988.4	0.08362969999292841
5988.5	0.08477664110713883
5988.6	0.08596352054166631
5988.7	0.08718657053044322
5988.8	0.08844167551361105
5988.9	0.08972996168058782
5989.0	0.09105258834400974
5989.1	0.09242350865953392
5989.2	0.09384006448890163
5989.3	0.09529777591685443
5989.4	0.09679811692660117
5989.5	0.0983426360285917
5989.6	0.09994570041871029
5989.7	0.10160304548261664
5989.8	0.10331006709298417
5989.9	0.10506897622462615
5990.0	0.10688224883810135
5990.1	0.10876695167157555
5990.2	0.11071920102771744
5990.3	0.11273483166184128
5990.4	0.11481741260070565
5990.5	0.11697074473359637
5990.6	0.1192151491548651
5990.7	0.12154693262568511
5990.8	0.12396182225091154
5990.9	0.12646398327523017
5991.0	0.12905750641608585
5991.03	0.12997706491831482
5991.13	0.132715982425359
5991.23	0.13556060440241097
5991.33	0.1385141023976112
5991.43	0.1415791842340456
5991.53	0.144757961516873
5991.63	0.1480519413525205
5991.73	0.15146198494466065
5991.83	0.15498826619018888
5991.93	0.1586303544872689
5992.03	0.1623871816121145
5992.13	0.16625718249266683
5992.23	0.17023836145503068
5992.33	0.17432839159312913
5992.43	0.1785247472615762
5992.53	0.18282477032211308
5992.63	0.18722579435567663
5992.73	0.19172519434722624
5992.83	0.1963204198089623
5992.93	0.20100902790354422
5993.03	0.20578870828650417
5993.13	0.21065729966785607
5993.23	0.2156127980929002
5993.33	0.2206534397502687
5993.43	0.22577772581433897
5993.53	0.230984530095693
5993.63	0.23627315700674914
5993.73	0.24164344921222092
5993.83	0.24709582903314023
5993.93	0.25263135641248863
5994.03	0.25826430745730056
5994.13	0.2639834616774185
5994.23	0.2697703694403177
5994.33	0.2756739040544186
5994.43	0.28165088112402276
5994.53	0.2877543474830408
5994.63	0.2939380134340703
5994.73	0.30025997710179375
5994.83	0.3066699160369957
5994.93	0.31323185742041254
5995.03	0.31989081670987013
5995.13	0.3267178183659449
5995.23	0.3336524373578772
5995.33	0.3407740037932011
5995.43	0.34801542659349904
5995.53	0.3554657823732537
5995.63	0.363049575037435
5995.73	0.37086677045850147
5995.83	0.37883147185091526
5995.93	0.3870549401045333
5996.03	0.3954392215824013
5996.13	0.40410742700567914
5996.23	0.4129503491240368
5996.33	0.4220977812679013
5996.43	0.4314271178451901
5996.53	0.4410721435341206
5996.63	0.45090092027588874
5996.73	0.46104584985435304
5996.83	0.47137015822085554
5996.93	0.48199857085344233
5997.03	0.4927955889473553
5997.13	0.5038716370311923
5997.23	0.515099546789567
5997.33	0.5265692063558075
5997.43	0.5381689822038522
5997.53	0.5499628352680014
5997.63	0.5618613659823948
5997.73	0.5738984842416412
5997.83	0.5860124732094724
5997.93	0.5982044011096743
5998.03	0.610444175498533
5998.13	0.622698391610517
5998.23	0.6349708254924983
5998.33	0.6471928044323915
5998.43	0.6594028755753499
5998.53	0.6714965517296337
5998.63	0.6835472919123556
5998.73	0.6954142313574126
5998.83	0.7072057243922666
5998.93	0.7187438744928929
5999.03	0.7301723784605483
5999.13	0.7412758194458178
5999.23	0.7522341641738625
5999.33	0.7627949391949315
5999.43	0.7731751512729125
5999.53	0.7830875558597733
5999.63	0.7927858436835326
5999.73	0.8019527688412944
5999.83	0.810876188660627
5999.93	0.8192164576623423
6000.03	0.8272902255314086
6000.13	0.8347455911979127
6000.23	0.8419196662148519
6000.33	0.8484600112600174
6000.43	0.8547140060840414
6000.53	0.8603406471557905
6000.63	0.8656859892971703
6000.73	0.8704316355734533
6000.83	0.8749111367916831
6000.93	0.8788372318422183
6001.03	0.8825219414402878
6001.23	0.8886987591659591
6001.43	0.893658878279939
6001.63	0.8976451747795112
6001.83	0.9009141879894577
6002.03	0.9037258523644234
6002.23	0.906332732443009
6002.43	0.9089723216995444
6002.63	0.9118609147487267
6002.83	0.91519104029621
6003.03	0.9191315439466523
6003.23	0.9238287475163511
6003.43	0.9294086848504707
6003.63	0.9359783439437227
6003.83	0.9436261637886404
6004.03	0.9524203782146685
6004.23	0.9624053723341646
6004.43	0.9735970452918534
6004.63	0.9859767652775105
6004.83	0.9994861526190987
6005.03	1.014023684652905
6005.23	1.0294432879867683
6005.43	1.0455555806207608
6005.63	1.0621314326931424
6005.83	1.0789067693469956
6006.03	1.0955882016773164
6006.23	1.1118603138390137
6006.43	1.127392453306634
6006.63	1.141848833455906
6006.83	1.1548998782659683
6007.03	1.1662365481112276
6007.23	1.1755875638348132
6007.43	1.1827365480139833
6007.63	1.1875383381450766
6007.83	1.1899308281940109
6008.03	1.1899391089985552
6008.23	1.1876724043706486
6008.43	1.1833117326976292
6008.63	1.1770926000607367
6008.83	1.1692839669915691
6009.03	1.1601904842893105
6009.23	1.1501640033390477
6009.43	1.1393006642815395
6009.63	1.1278522863829779
6009.83	1.1160438591028308
6010.03	1.1041043466867477
6010.23	1.0923263927673237
6010.43	1.0806993151066964
6010.63	1.069343930643167
6010.83	1.0583598574554032
6011.03	1.0478353689198472
6011.23	1.037863044431304
6011.43	1.0284547255402718
6011.63	1.0196441979292914
6011.83	1.0114524120338597
6012.03	1.0038922031010207
6012.23	0.9969774828824083
6012.43	0.9906758734322546
6012.63	0.984966672739199
6012.83	0.9798223057241088
6013.03	0.975224223384805
6013.23	0.9711913059556484
6013.43	0.9676139983925183
6013.63	0.9644518903692385
6013.83	0.9616651512159511
6014.03	0.9592440095832938
6014.23	0.9572634067523922
6014.43	0.9555483693232258
6014.63	0.9540675130465718
6014.83	0.9527923519547977
6015.03	0.9517377086880379
6015.23	0.9510349168063646
6015.43	0.9504704143605809
6015.63	0.9500271428933255
6015.83	0.9496899485322822
6016.03	0.9494888905979469
6017.03	0.9506066335953343
6018.03	0.9539028906522314
6019.03	0.9584697543584033
6020.03	0.9636204975929925
6021.03	0.9689847199687335
6022.03	0.9745725240671699
6023.03	0.9807100907793013
6024.03	0.9878671901469249
6025.03	0.9964486707042104
6026.03	1.0066233780558158
6027.03	1.0182386969739903
6028.03	1.030831482060572
6029.03	1.0437111142165674
6030.03	1.056081973741362
6031.03	1.067172869307747
6032.03	1.0763435291083583
6033.03	1.0831467068897591
6034.03	1.0873453232178467
6035.03	1.0889034394008992
6036.03	1.0879688678000312
6037.03	1.0848503996166998
6038.03	1.0799833567457977
6039.03	1.0738782507874798
6040.03	1.0670585113969904
6041.03	1.0600008644919436
6042.03	1.0530964124709663
6043.03	1.0466401175919255
6044.03	1.0408437200270184
6045.03	1.0358553633695429
6046.03	1.0317720986487569
6047.03	1.0286402983701093
6048.03	1.0264467132463286
6049.03	1.025112178785972
6050.03	1.024491284061242
6051.03	1.0243837164102116
6052.03	1.0245533072872786
6053.03	1.024754448029659
6054.03	1.0247643849951122
6055.03	1.024415017851389
6056.03	1.0236217167760466
6057.03	1.022396737359811
6058.03	1.0208445833560307
6059.03	1.0191384063877267
6060.03	1.0174838188317334
6061.03	1.016081795814341
6062.03	1.0150986158907984
6063.03	1.0146477260833622
6064.03	1.0147817095008886
6065.03	1.0154951008123787
6066.03	1.0167345716365668
6067.03	1.0184162374234198
6068.03	1.0204462766574507
6069.03	1.0227388173955352
6070.03	1.025225294576047
6071.03	1.0278515517372664
6072.03	1.030566744739291
6073.03	1.0333095128204484
6074.03	1.0360013539536583
6075.03	1.0385491090877979
6076.03	1.040856720890153
6077.03	1.042839807962418
6078.03	1.04443808604751
6079.03	1.0456208333605699
6080.03	1.0463870562050521
6081.03	1.0467593611773631
6082.03	1.0467775789473608
6083.03	1.0464908974940375
6084.03	1.0459525623906136
6085.03	1.0452151567459456
6086.03	1.0443282825792526
6087.03	1.0433374015074837
6088.03	1.0422845800177236
