Energia	Absorção
7072.0	0.0040226006119740325
7072.5	0.004068419318882388
7073.0	0.004117163806747632
7073.5	0.004167006316419664
7074.0	0.004217983904064287
7074.5	0.00427013528198879
7075.0	0.004323501025659641
7075.5	0.0043781235737024755
7076.0	0.0044340472279021095
7076.5	0.004491318670746747
7077.0	0.0045499865513926084
7077.5	0.004610101899699302
7078.0	0.004671718333247517
7078.5	0.0047348922643567
7079.0	0.004799682589558529
7079.5	0.004866151621176506
7080.0	0.004934364466272892
7080.5	0.005004390061737139
7081.0	0.005076300656741679
7081.5	0.005150172537303819
7082.0	0.005226086026285747
7082.5	0.005304125897429894
7083.0	0.005384381892903165
7083.5	0.005466948412770397
7084.0	0.005551925653591633
7084.5	0.005639419401404446
7085.0	0.0057295418597946715
7085.5	0.005822411753405257
7086.0	0.005918155363024691
7086.5	0.006016906318569316
7087.0	0.0061188070482071305
7087.5	0.006224008881866636
7088.0	0.006332672982816418
7088.5	0.0064449710722270515
7089.0	0.0065610863607506896
7089.5	0.006681214687118329
7090.0	0.006805565346210564
7090.5	0.006934362227654853
7091.0	0.007067845678984694
7091.5	0.007206273126692688
7092.0	0.007349921663951605
7092.5	0.007499088982193982
7093.0	0.007654096269359717
7093.5	0.007815289555511036
7094.0	0.007983043128624313
7094.5	0.008157762122311136
7095.0	0.00833988551757477
7095.5	0.008529890179655018
7096.0	0.008728295101890798
7096.5	0.008935665753091548
7097.0	0.009152620184558957
7097.5	0.00937983482658218
7098.0	0.00961805183756569
7098.5	0.009868087798772098
7099.0	0.01013084303011802
7099.5	0.01040731318316449
7100.0	0.010698603628846153
7100.5	0.011005944155726968
7101.0	0.011330706255976984
7101.5	0.01167443221135725
7102.0	0.012038856830076829
7102.5	0.012425941604711006
7103.0	0.012837923361357513
7103.5	0.013277358768439013
7104.0	0.013747199898158527
7104.5	0.014250880138839128
7105.0	0.01479243012482813
7105.5	0.015376646455911221
7106.0	0.016009311136059665
7106.5	0.016697535222789148
7107.0	0.017450258774871566
7107.02	0.017478133706297666
7107.04	0.01751535445116031
7107.14	0.01767586250877082
7107.24	0.017839553463304285
7107.34	0.018006548420107044
7107.44	0.01817697158979073
7107.54	0.01835095649876283
7107.64	0.01852864805940359
7107.74	0.01871019842971225
7107.84	0.018895774258926072
7107.94	0.0190855515120782
7108.04	0.019279722715616652
7108.14	0.01947849592231591
7108.24	0.01968209574636533
7108.34	0.01989076750372288
7108.44	0.020104779282291988
7108.54	0.020324424012098406
7108.64	0.02055002464073237
7108.74	0.02078193723861388
7108.84	0.021020555139346416
7108.94	0.021266318255512836
7109.04	0.02151971618394063
7109.14	0.021781296486409397
7109.24	0.022051679180888843
7109.34	0.022331565022246227
7109.44	0.022621749993484406
7109.54	0.02292314704259884
7109.64	0.02323680471416935
7109.74	0.02356393509674773
7109.84	0.023905947980775964
7109.94	0.024264494332300265
7110.04	0.024641517012304177
7110.14	0.025039320127633387
7110.24	0.025460649767893303
7110.34	0.025908804759911065
7110.44	0.02638777536958521
7110.54	0.026902410986211364
7110.64	0.027458657157732776
7110.74	0.028063830924262737
7110.84	0.028726992414831055
7110.94	0.02945938890032061
7111.04	0.030275000285070096
7111.14	0.03119113842307511
7111.24	0.03222902987277437
7111.34	0.03341413263410942
7111.44	0.0347757417798326
7111.54	0.03634494412076903
7111.64	0.038149500728617496
7111.74	0.04020382520976893
7111.84	0.04249280527314198
7111.94	0.04495077283854599
7112.04	0.047441967777648815
7112.14	0.049754197997341695
7112.24	0.0516227851754842
7112.34	0.05280584467225797
7112.44	0.053182578562589844
7112.54	0.05281308718600428
7112.64	0.051908946757994075
7112.74	0.05073639444387558
7112.84	0.049523996400635366
7112.94	0.04842134464329874
7113.04	0.04750369320600874
7113.14	0.04679566787760895
7113.24	0.04629441905965096
7113.34	0.045985363391241256
7113.44	0.04585081328128406
7113.54	0.0458739061041625
7113.64	0.04603996327084747
7113.74	0.046336728299236615
7113.84	0.04675417946314846
7113.94	0.047284282406187546
7114.04	0.04792077173808569
7114.14	0.04865897817493413
7114.24	0.04949570122330659
7114.34	0.05042910049597412
7114.44	0.05145861808027283
7114.54	0.05258491332753277
7114.64	0.05380981627409859
7114.74	0.055136306939560925
7114.84	0.056568520502198544
7114.94	0.05811176800074695
7115.04	0.059772593264262076
7115.14	0.061558852613929356
7115.24	0.06347981837190679
7115.34	0.0655463248087936
7115.44	0.06777093996830966
7115.54	0.07016817993060048
7115.64	0.07275475309310687
7115.74	0.07554986034620959
7115.84	0.07857551181028906
7115.94	0.08185687669561474
7116.04	0.08542262488152716
7116.14	0.08930524882893968
7116.24	0.09354129958050057
7116.34	0.09817150476067413
7116.44	0.10324066817216283
7116.54	0.10879722367279404
7116.64	0.11489222803447728
7116.74	0.12157746052084639
7116.84	0.12890240870975067
7116.94	0.1369096561392098
7117.04	0.1457055063910084
7117.24	0.1652767203594622
7117.44	0.18743580031587173
7117.64	0.21152444036949491
7117.84	0.23683282862930133
7118.04	0.2630886954346033
7118.24	0.29057057273109144
7118.44	0.31962750268832363
7118.64	0.34997453581234195
7118.84	0.38043569778667735
7119.04	0.4095186809196985
7119.24	0.4363859330572002
7119.44	0.4612598325975332
7119.64	0.4849582753656125
7119.84	0.5082674938312723
7120.04	0.5317563104904613
7120.24	0.5559223958604343
7120.44	0.5813682956181969
7120.64	0.608829967988527
7120.84	0.638996926778338
7121.04	0.6722640789255316
7121.24	0.7086526851464646
7121.44	0.7479644846032107
7121.64	0.7900024378621914
7121.84	0.8346541964251893
7122.04	0.8817810894952066
7122.24	0.9309956213675022
7122.44	0.9814266409174262
7122.64	1.031542548496535
7122.84	1.0791406552235303
7123.04	1.1216407651157245
7123.24	1.1566803716381913
7123.44	1.1827517649834576
7123.64	1.1995281677340996
7123.84	1.2077409733749183
7124.04	1.2087905530431717
7124.24	1.2043784886093154
7124.44	1.1963002444644266
7124.64	1.1863473516635483
7124.84	1.1762136289139085
7125.04	1.1673740772285857
7125.24	1.1609785763447222
7125.44	1.1577995092489561
7125.64	1.158234867442711
7125.84	1.162344375528411
7126.04	1.1699022807194228
7126.24	1.1804638055172767
7126.44	1.1934403986405437
7126.64	1.2081737438475975
7126.84	1.223994035415236
7127.04	1.240257344831013
7127.24	1.2563635278230811
7127.44	1.271763884014575
7127.64	1.285963434118159
7127.84	1.2985222655509852
7128.04	1.3090556359435368
7128.24	1.317235215245745
7128.44	1.3227920874834358
7128.64	1.3255246174304005
7128.84	1.3253114927226162
7129.04	1.3221251800078386
7129.24	1.3160431039006488
7129.44	1.307249613650471
7129.64	1.296026977872229
7129.84	1.2827350968131142
7130.04	1.2677833479472818
7130.24	1.2515990157787313
7130.44	1.2345986198917873
7130.64	1.2171641079172049
7130.84	1.1996272256968727
7131.04	1.1822624786824878
7131.24	1.1652858898294391
7131.44	1.1488597610035869
7131.64	1.1330996080737448
7131.84	1.118082131092593
7132.04	1.1040248021393226
7133.04	1.0447959035642769
7134.04	1.0025322803257375
7135.04	0.9711646914130495
7136.04	0.9461050245521431
7137.04	0.9258292155383473
7138.04	0.91069787882987
7139.04	0.901331022045535
7140.04	0.8975253434667604
7141.04	0.8975643663005801
7142.04	0.8984060174049688
7143.04	0.8969362539393477
7144.04	0.8912496540686962
7145.04	0.8810619928609572
7146.04	0.8674347017469102
7147.04	0.8522737925619812
7148.04	0.8377373936305474
7149.04	0.8256647846369377
7150.04	0.8172378088490202
7151.04	0.8129529050288178
7152.04	0.8127737829759663
7153.04	0.8162886120567305
7154.04	0.8228174323304076
7155.04	0.831523602520611
7156.04	0.841562210994397
7157.04	0.8522236321766522
7158.04	0.8630182174854568
7159.04	0.8736968107847698
7160.04	0.8842329655651988
7161.04	0.8947734677170346
7162.04	0.9055439251145305
7163.04	0.9167158415596912
7164.04	0.9282838863471009
7165.04	0.940018280196133
7166.04	0.9515218389743394
7167.04	0.962356213082402
7168.04	0.9721639968362467
7169.04	0.9807329453532544
7170.04	0.9879987899927927
7171.04	0.994015593423572
7172.04	0.9989217055651771
7173.04	1.0029125511132355
7174.04	1.0062151353113808
7175.04	1.0090541137525104
7176.04	1.0116070662077146
7177.04	1.0139600085255451
7178.04	1.0160850450728078
7179.04	1.01786033559038
7180.04	1.0191333183945301
7181.04	1.0197979383246965
7182.04	1.0198422090568575
7183.04	1.019341329765469
7184.04	1.0184124828117176
7185.04	1.0171707596781605
7186.04	1.0157138106073058
7187.04	1.014131067239525
7188.04	1.0125156357791176
7189.04	1.0109639968186654
7190.04	1.0095664618237057
7191.04	1.0084010143565725
7192.04	1.0075370985000494
7193.04	1.0070443136001854
7194.04	1.0069937495303685
7195.04	1.007444706506767
7196.04	1.008419428579746
7197.04	1.0098763258961796
7198.04	1.0116932890739527
7199.04	1.0136678030616912
7200.04	1.0155344401332311
7201.04	1.0169957676281458
7202.04	1.0177609463993094
7203.04	1.0175864925952782
7204.04	1.0163130957557562
7205.04	1.0138914028643895
7206.04	1.0103907234424667
7207.04	1.0059874676111518
7208.04	1.0009354183517685
7209.04	0.9955254562149801
7210.04	0.9900440833273902
7211.04	0.9847389238941628
