Energia	Absorção
7072.0	0.004185062668823016
7072.5	0.00423507271897142
7073.0	0.004286202635729619
7073.5	0.004338489926981012
7074.0	0.0043919739719350676
7074.5	0.004446695695679315
7075.0	0.0045026978946273504
7075.5	0.00456002548060485
7076.0	0.004618725480849568
7076.5	0.0046788470380113405
7077.0	0.004740441735600092
7077.5	0.0048035635979858365
7078.0	0.004868269415846696
7078.5	0.004934618746168892
7079.0	0.005002674074970757
7079.5	0.005072501224112748
7080.0	0.005144169269935443
7080.5	0.00521775111279356
7081.0	0.005293323232969956
7081.5	0.005370966504295648
7082.0	0.005450766031425815
7082.5	0.005532811638011805
7083.0	0.005617198273511164
7083.5	0.00570402609454963
7084.0	0.005793401278541164
7084.5	0.005885435942325953
7085.0	0.00598024895579043
7085.5	0.006077966511401307
7086.0	0.006178722205567569
7086.5	0.006282658014984515
7087.0	0.006389925110253787
7087.5	0.006500683937245372
7088.0	0.00661510568161366
7088.5	0.006733372675607453
7089.0	0.006855679699862024
7089.5	0.006982234634295129
7090.0	0.007113260003985073
7090.5	0.007248994036876748
7091.0	0.007389692209659687
7091.5	0.007535628875008129
7092.0	0.007687098726097075
7092.5	0.00784441923746237
7093.0	0.008007932536326782
7093.5	0.008178008168908105
7094.0	0.008355045378555238
7094.5	0.008539477580658357
7095.0	0.008731774233974983
7095.5	0.008932446291884182
7096.0	0.009142049456866698
7096.5	0.009361191503085207
7097.0	0.009590537158104522
7097.5	0.00983081461185182
7098.0	0.010082826093677038
7098.5	0.010347454381313122
7099.0	0.01062567663241654
7099.5	0.010918577402487771
7100.0	0.011227364103651874
7100.5	0.011553385717919192
7101.0	0.01189815720578627
7101.5	0.012263387982936897
7102.0	0.012651016905903438
7102.5	0.013063257021168484
7103.0	0.013502651704946954
7103.5	0.013972151143468949
7104.0	0.014475206712903282
7104.5	0.015015908481142592
7105.0	0.015599167458690161
7105.5	0.016230981652409843
7106.0	0.016918836366580984
7106.5	0.0176723136043012
7107.0	0.01850408468392339
7107.1	0.018681258581735628
7107.2	0.01886240701339619
7107.3	0.019047713043411924
7107.4	0.019237373567830167
7107.5	0.019431602568718908
7107.6	0.019630630300546743
7107.7	0.01983471061276314
7107.8	0.020044118508938367
7107.9	0.020259155842103686
7108.0	0.020480152941991427
7108.1	0.020707475123995227
7108.2	0.02094152513003011
7108.3	0.021182749637492757
7108.4	0.021431647395461766
7108.5	0.021688772479177824
7108.6	0.021954748935204223
7108.7	0.022230276476767074
7108.8	0.022516147569775952
7108.9	0.022813262891604475
7109.0	0.02312264597625083
7109.1	0.023445471691038878
7109.2	0.02378309308607911
7109.3	0.024137071498209792
7109.4	0.02450922699543886
7109.5	0.024901683126045553
7109.6	0.025316938517143128
7109.7	0.025757946609441813
7109.8	0.026228219800612688
7109.9	0.026731960438112587
7110.0	0.027274227611290315
7110.1	0.02786115276069471
7110.2	0.02850020898630467
7110.3	0.029200565785862397
7110.4	0.029973538986750214
7110.5	0.030833169229832126
7110.6	0.031796954227481154
7110.7	0.03288676652697359
7110.8	0.03412995271115003
7110.9	0.0355605774234418
7111.0	0.03722061125311524
7111.1	0.0391605954628366
7111.2	0.04143869818943675
7111.3	0.04411592222193233
7111.4	0.04724341334267215
7111.5	0.05083552787709199
7111.6	0.05482215537355529
7111.7	0.0589825908217652
7111.8	0.0628916526662537
7111.9	0.06595158728863228
7112.0	0.06758055873278646
7112.1	0.06749935457203586
7112.2	0.06589574366422815
7112.3	0.06330402702882375
7112.4	0.06032379299737966
7112.5	0.05741078188008436
7112.6	0.0548226541226339
7112.7	0.05266084780231401
7112.8	0.05093373588285717
7112.9	0.049605545932388334
7113.0	0.04862551538359301
7113.1	0.04794250089498251
7113.2	0.04751105853338083
7113.3	0.04729319305698996
7113.4	0.047258174037263026
7113.5	0.04738164494497104
7113.6	0.047644576834843806
7113.7	0.04803228711981339
7113.8	0.04853361049220307
7113.9	0.04914022850082241
7114.0	0.04984615290224793
7114.1	0.050647331055108366
7114.2	0.0515413530168738
7114.3	0.05252723186644738
7114.4	0.05360524016653929
7114.5	0.054776787920662144
7114.6	0.05604434772008823
7114.7	0.057411410808367834
7114.8	0.05888249359028951
7114.9	0.060463162040480994
7115.0	0.06216008296147109
7115.1	0.06398109802311244
7115.2	0.0659353075654447
7115.3	0.06803319264169902
7115.4	0.07028675740180339
7115.5	0.07270971052964943
7115.6	0.07531767271620013
7115.7	0.07812841098205854
7115.8	0.08116210391759776
7115.9	0.08444164434961214
7116.0	0.08799294119434865
7116.1	0.09184528558652041
7116.2	0.09603169422695967
7116.3	0.1005892112356489
7116.4	0.10555920105493186
7116.5	0.1109875030373193
7116.6	0.11692433381108534
7116.7	0.12342386419785166
7116.8	0.13054321845995018
7116.9	0.13834057042955197
7117.0	0.1468720680249525
7117.2	0.1663232414098818
7117.4	0.189100135486129
7117.6	0.21500163965458843
7117.8	0.24340286118713883
7118.0	0.2736062754955481
7118.2	0.3052480479746378
7118.4	0.3380871111456111
7118.6	0.37137818906065384
7118.8	0.40384328805707054
7119.0	0.4343100223521071
7119.2	0.46220352057710895
7119.4	0.4875629748089388
7119.6	0.5106723547105945
7119.8	0.5315899887020531
7120.0	0.5501056617760689
7120.2	0.566193565905279
7120.4	0.5803710413859908
7120.6	0.5935805693889782
7120.8	0.6068461883568589
7121.0	0.6210876794615597
7121.2	0.6371488887175737
7121.4	0.6558691058672232
7121.6	0.6780938529822639
7121.8	0.7046606379771521
7122.0	0.7364014117415365
7122.2	0.7741238955605619
7122.4	0.8185076086111884
7122.6	0.8699000805531858
7122.8	0.9280560130835998
7123.0	0.991898417368236
7123.2	1.059404634011608
7123.4	1.1277145445209744
7123.6	1.1935031279182433
7123.8	1.2535446248690274
7124.0	1.305296310054431
7124.2	1.3473077430463223
7124.4	1.3793478557560783
7124.6	1.4022596398971596
7124.8	1.4176396620551512
7125.0	1.4274684361079668
7125.2	1.4337951454640836
7125.4	1.438507144507938
7125.6	1.4431584474975274
7125.8	1.448831738607258
7126.0	1.456051721394712
7126.2	1.4647891869007994
7126.4	1.4745679233217477
7126.6	1.4846383425235818
7126.8	1.494160951358971
7127.0	1.5023476774665045
7127.2	1.5085419294816775
7127.4	1.512242436103783
7127.6	1.5130940521895657
7127.8	1.5108681505104935
7128.0	1.5054494411082642
7128.2	1.4968318218326495
7128.4	1.485118622427506
7128.6	1.47051821098261
7128.8	1.4533291046871024
7129.0	1.4339142594365288
7129.2	1.4126704777196983
7129.4	1.3900001760036294
7129.6	1.3662910442327905
7129.8	1.3419053874067033
7130.0	1.3171770338238264
7130.2	1.2924119859775802
7130.4	1.2678894782623857
7130.6	1.2438606751816166
7130.8	1.220546800021529
7131.0	1.1981354735611252
7131.2	1.1767781918500586
7131.4	1.15658910577859
7131.6	1.137646160145628
7131.8	1.1199938599668338
7132.0	1.1036479894707962
7133.0	1.040726928508545
7134.0	1.0048848507588974
7135.0	0.9896979006341114
7136.0	0.9887114677092972
7137.0	0.9953582551853593
7138.0	1.0040729393305963
7139.0	1.010924270882292
7140.0	1.01296491128045
7141.0	1.0077298359190738
7142.0	0.9936954599293026
7143.0	0.9709311037377234
7144.0	0.941115997725006
7145.0	0.9069721077027358
7146.0	0.8715777650557981
7147.0	0.8378547606752356
7148.0	0.8082590961209078
7149.0	0.7846001891145434
7150.0	0.7679543775943118
7151.0	0.7586851219001779
7152.0	0.7565640388896178
7153.0	0.7609516313549652
7154.0	0.7709889606301643
7155.0	0.7857533816007813
7156.0	0.8043414099040974
7157.0	0.8258771347602235
7158.0	0.849485377647297
7159.0	0.8742779258505696
7160.0	0.8993772901672927
7161.0	0.9239626093488315
7162.0	0.9473222913166286
7163.0	0.9689128378904006
7164.0	0.9884249920966057
7165.0	1.0058248259799778
7166.0	1.0213161513581233
7167.0	1.0352127814767536
7168.0	1.047773203419516
7169.0	1.0590799182574893
7170.0	1.0690208091504891
7171.0	1.0773728628481931
7172.0	1.0839378001492002
7173.0	1.088658830375392
7174.0	1.0916695499357536
7175.0	1.093269208277454
7176.0	1.09385135340918
7177.0	1.0938146591458104
7178.0	1.093478959521282
7179.0	1.0930234136662806
7180.0	1.0924632362753746
7181.0	1.091672723053872
7182.0	1.090452293008325
7183.0	1.0886174171158465
7184.0	1.0860820143772236
7185.0	1.0829035263666005
7186.0	1.079270957017031
7187.0	1.0754386439500068
7188.0	1.071634319412027
7189.0	1.067982711353747
7190.0	1.064476578556896
7191.0	1.060999410633126
7192.0	1.0573788014980028
7193.0	1.0534398228449977
7194.0	1.0490404166168092
7195.0	1.0440880742159848
7196.0	1.0385451250351188
7197.0	1.0324296314388848
7198.0	1.0258153887640376
7199.0	1.0188303794413527
7200.0	1.0116505894833987
7201.0	1.0044891059761278
7202.0	0.9975780547142034
7203.0	0.9911463070121668
7204.0	0.9853953151895364
7205.0	0.9804769007439782
7206.0	0.9764779582947354
7207.0	0.9734131330023543
7208.0	0.9712281564108096
7209.0	0.9698115625759415
7210.0	0.9690139708601749
7211.0	0.9686703791213519
7212.0	0.9686231077975876
