Energia	Absorção
7072.0	0.004201611577679322
7072.5	0.004249318843487375
7073.0	0.004298060164321845
7073.5	0.004347869563050752
7074.0	0.0043987824234568386
7074.5	0.004450835890506602
7075.0	0.004504068790296491
7075.5	0.004558521630052902
7076.0	0.004614236918347408
7076.5	0.004671259004989149
7077.0	0.004729634561347669
7077.5	0.004789412420245301
7078.0	0.004850643816118597
7078.5	0.004913382465072127
7079.0	0.004977684885093708
7079.5	0.005043610396054407
7080.0	0.005111221519977576
7080.5	0.005180583820931237
7081.0	0.005251766465404731
7081.5	0.00532484246247014
7082.0	0.0053998885837284825
7082.5	0.005476986003740164
7083.0	0.005556220380078793
7083.5	0.00563768241370782
7084.0	0.0057214679290343564
7084.5	0.005807678434285814
7085.0	0.005896421441725138
7085.5	0.005987811108081267
7086.0	0.006081968714871967
7086.5	0.0061790229886190704
7087.0	0.006279111061494154
7087.5	0.006382378951641381
7088.0	0.006488982443769385
7088.5	0.00659908780963553
7089.0	0.006712872768691595
7089.5	0.0068305276088370765
7090.0	0.0069522563071724875
7090.5	0.007078277650752654
7091.0	0.007208827157878087
7091.5	0.007344157958686864
7092.0	0.007484543356876452
7092.5	0.007630278430779851
7093.0	0.007781682675141232
7093.5	0.007939102242622528
7094.0	0.008102913466170958
7094.5	0.00827352654149414
7095.0	0.008451387688512897
7095.5	0.008636986836526733
7096.0	0.008830861146581343
7096.5	0.009033600615235112
7097.0	0.009245857681015974
7097.5	0.009468353628725973
7098.0	0.009701890597512334
7098.5	0.009947364389476595
7099.0	0.010205776477745685
7099.5	0.010478257222075965
7100.0	0.010766083480690813
7100.5	0.01107071143234153
7101.0	0.011393806196215961
7101.5	0.011737292265836991
7102.0	0.012103406344575221
7102.5	0.012494774997841872
7103.0	0.012914514720347662
7103.5	0.013366363224346478
7104.0	0.013854869967696274
7104.5	0.014385652326041831
7105.0	0.01496577424732238
7105.5	0.015604302625730992
7106.0	0.016313155872069933
7106.5	0.01710844161286744
7107.0	0.018012651765768634
7107.1	0.018209195870290303
7107.2	0.01841167516407097
7107.3	0.018620442684399986
7107.4	0.018835882689551466
7107.5	0.01905841546201274
7107.6	0.019288500510636592
7107.7	0.019526643775483958
7107.8	0.01977339922890002
7107.9	0.020029378481971095
7108.0	0.02029525798936723
7108.1	0.02057178545364683
7108.2	0.020859793434403816
7108.3	0.021160206553110284
7108.4	0.02147406070603022
7108.5	0.021802515072290543
7108.6	0.022146871326794843
7108.7	0.02250859845690354
7108.8	0.022889359180190288
7108.9	0.02329103876381247
7109.0	0.023715788253567092
7109.1	0.024166066101870446
7109.2	0.024644697407575376
7109.3	0.025154937959016976
7109.4	0.025700561492662317
7109.5	0.026285956558217086
7109.6	0.026916255405254972
7109.7	0.027597486085451234
7109.8	0.028336769384948137
7109.9	0.029142556584162097
7110.0	0.030024939266017174
7110.1	0.030996031172604972
7110.2	0.03207046293771259
7110.3	0.03326600810759418
7110.4	0.03460438207796592
7110.5	0.03611227398757961
7110.6	0.03782265559796888
7110.7	0.039776450415327444
7110.8	0.042024609485727386
7110.9	0.04463064269649992
7111.0	0.0476735055165197
7111.1	0.051250522561240436
7111.2	0.05547944017230913
7111.3	0.06049759065581988
7111.4	0.06645412225979597
7111.5	0.07348826456555992
7111.6	0.08168379068009819
7111.7	0.09099199106393775
7111.8	0.10113137411622018
7111.9	0.11150706800170528
7112.0	0.12122048474636506
7112.1	0.12921253649830028
7112.2	0.1345208964422635
7112.3	0.13654153458748128
7112.4	0.13520260264207398
7112.5	0.13097476095417285
7112.6	0.12469658115861677
7112.7	0.11730354002374925
7112.8	0.10960325237720049
7112.9	0.10217441918517489
7113.0	0.09536867679539517
7113.1	0.08935730833354996
7113.2	0.0841836549308077
7113.3	0.07980829408985793
7113.4	0.07614627911490202
7113.5	0.07309664534387703
7113.6	0.0705637388842836
7113.7	0.06846929513160245
7113.8	0.06675536233432985
7113.9	0.0653805470704244
7114.0	0.06431400620908344
7114.1	0.06353088384373794
7114.2	0.06301020667746365
7114.3	0.06273424759521452
7114.4	0.06268809337326438
7114.5	0.06285909150739975
7114.6	0.0632364715584123
7114.7	0.06381138037577397
7114.8	0.06457717109188053
7114.9	0.06552970572544259
7115.0	0.06666756812461237
7115.1	0.06799219605576556
7115.2	0.06950796606053677
7115.3	0.07122225909994136
7115.4	0.07314552059473078
7115.5	0.07529132767059063
7115.6	0.07767646440871918
7115.7	0.08032096267326913
7115.8	0.08324804207099218
7115.9	0.08648378493278229
7116.0	0.09005653030635573
7116.1	0.09399590610572324
7116.2	0.09833176439555548
7116.3	0.10309354096072612
7116.4	0.10831046344621037
7116.5	0.1140124879866281
7116.6	0.12023083556675149
7116.7	0.12699662310140353
7116.8	0.13433716494956952
7116.9	0.14227010497033607
7117.0	0.15079662796004845
7117.2	0.16951548959544532
7117.4	0.18997264760377008
7117.6	0.21121522151901395
7117.8	0.23213174428328692
7118.0	0.2519396899321064
7118.2	0.27056800270628323
7118.4	0.2886143563243063
7118.6	0.30692038047644626
7118.8	0.32610596381266455
7119.0	0.3462781142569228
7119.2	0.3670511325665736
7119.4	0.38791484383429725
7119.6	0.408623474866891
7119.8	0.4292767086649658
7120.0	0.4501617862938067
7120.2	0.47153753772255574
7120.4	0.4934062284739542
7120.6	0.5153424606224098
7120.8	0.5365495306742013
7121.0	0.5561903800114438
7121.2	0.5737588284117925
7121.4	0.5892089730222514
7121.6	0.602842128367395
7121.8	0.6151772192356602
7122.0	0.6269391008288885
7122.2	0.639078908440094
7122.4	0.6526837487536634
7122.6	0.6687652297085003
7122.8	0.6880389763024869
7123.0	0.7107917092511618
7123.2	0.7368447964893436
7123.4	0.765576948425447
7123.6	0.7959872042769133
7123.8	0.8268071675077787
7124.0	0.856668118151011
7124.2	0.8842998904815086
7124.4	0.9087162215956988
7124.6	0.9293411243514379
7124.8	0.9460548382532925
7125.0	0.9591615677682734
7125.2	0.9692987013085762
7125.4	0.9773118472386844
7125.6	0.9841194628875505
7125.8	0.9905923735688972
7126.0	0.9974635519406071
7126.2	1.005278244482894
7126.4	1.0143790014363743
7126.6	1.0249146428284615
7126.8	1.0368606721941809
7127.0	1.0500420118573865
7127.2	1.0641544573510675
7127.4	1.0787859717300383
7127.6	1.093441342143527
7127.8	1.1075733207661425
7128.0	1.1206214508943202
7128.2	1.13205809788541
7128.4	1.1414355207962563
7128.6	1.1484296618156844
7128.8	1.1528721677873461
7129.0	1.1547652802178405
7129.2	1.1542760714026024
7129.4	1.1517108272076277
7129.6	1.1474739794664268
7129.8	1.14202007369576
7130.0	1.1358059769727942
7130.2	1.1292517316234254
7130.4	1.1227132568740572
7130.6	1.1164690599196188
7130.8	1.1107187949550374
7131.0	1.1055904680178799
7131.2	1.1011532455974873
7131.4	1.097431143835992
7131.6	1.0944161573526834
7131.8	1.0920785861851243
7132.0	1.0903745608470194
7133.0	1.0893252955972526
7134.0	1.0948303557506613
7135.0	1.100216215785286
7136.0	1.1021533578096898
7137.0	1.0997876077020288
7138.0	1.093929830474501
7139.0	1.0868469898367972
7140.0	1.081064863456987
7141.0	1.0780035258193628
7142.0	1.0776608154711327
7143.0	1.0789592081686203
7144.0	1.080122229878288
7145.0	1.0790856931838513
7146.0	1.0741142717086256
7147.0	1.064445532993713
7148.0	1.0505120878127259
7149.0	1.0335724620672122
7150.0	1.0150644221328347
7151.0	0.9961149655060626
7152.0	0.9773972646508688
7153.0	0.9592357776474627
7154.0	0.9417698781740196
7155.0	0.9250633691148048
7156.0	0.9091557970505297
7157.0	0.8940933530278958
7158.0	0.8799674584946207
7159.0	0.866956393279134
7160.0	0.8553430675357563
7161.0	0.8454899649030734
7162.0	0.8377773409648492
7163.0	0.8325325357383493
7164.0	0.829978018753527
7165.0	0.8302108152245976
7166.0	0.8332114720764339
7167.0	0.8388689546785766
7168.0	0.8470088257853371
7169.0	0.8574126185571171
7170.0	0.8698208786050791
7171.0	0.883919154574902
7172.0	0.8993156631345985
7173.0	0.9155301614953264
7174.0	0.9320108387646889
7175.0	0.9481838692533348
7176.0	0.9635193768120147
7177.0	0.977591235025492
7178.0	0.9901095690582277
7179.0	1.0009225168381377
7180.0	1.009991572484003
7181.0	1.0173579637064842
7182.0	1.0231187157197965
7183.0	1.0274231288741966
7184.0	1.0304843064042066
7185.0	1.0325873999707458
7186.0	1.0340730385230594
7187.0	1.0352930585433884
7188.0	1.036552945359657
7189.0	1.0380658822601947
7190.0	1.0399335375800285
7191.0	1.0421591935252505
7192.0	1.0446814488258083
7193.0	1.0474142456390603
7194.0	1.0502784908035843
7195.0	1.0532179865467897
7196.0	1.056198549893042
7197.0	1.0591971253458932
7198.0	1.0621876954180336
7199.0	1.0651327148739298
7200.0	1.0679849519673872
7201.0	1.0706978153826696
7202.0	1.073239123489319
7203.0	1.0756011911218533
7204.0	1.0778009896873793
7205.0	1.0798724620001106
7206.0	1.0818545142103022
7207.0	1.0837802085402897
7208.0	1.0856698786570784
7209.0	1.0875292083809733
7210.0	1.0893495519008063
7211.0	1.0911117763566789
7212.0	1.092791625445037
