Energia	Absorção
5949.0	0.014541691717207973
5949.5	0.01471459900276512
5950.0	0.014891439742321528
5950.5	0.015072350197585837
5951.0	0.015257471041616958
5951.5	0.015446951280024332
5952.0	0.015640944819917717
5952.5	0.01583961488125745
5953.0	0.01604313203625435
5953.5	0.01625167518966974
5954.0	0.016465431578815495
5954.5	0.016684598244004104
5955.0	0.01690938300884873
5955.5	0.017140003009813134
5956.0	0.017376687637111855
5956.5	0.017619678534710203
5957.0	0.01786922911017424
5957.5	0.018125607965720984
5958.0	0.018389097917918363
5958.5	0.018659996977985253
5959.0	0.01893862080254166
5959.5	0.019225302693608712
5960.0	0.019520395559208766
5960.5	0.019824272893665493
5961.0	0.020137330738203993
5961.5	0.020459989151400876
5962.0	0.020792694169784416
5962.5	0.021135919278284614
5963.0	0.0214901683511334
5963.5	0.02185597810261479
5964.0	0.022233919557514966
5964.5	0.022624603442772628
5965.0	0.023028680187478997
5965.5	0.02344684531452815
5966.0	0.023879843851967297
5966.5	0.024328473764047003
5967.0	0.02479359036257147
5967.5	0.02527611218869891
5968.0	0.025777027384891946
5968.5	0.026297400066867996
5969.0	0.026838376695549723
5969.5	0.027401194899765547
5970.0	0.027987193279250304
5970.5	0.028597821207645834
5971.0	0.02923465157640182
5971.5	0.029899390597776375
5972.0	0.030593897410837317
5972.5	0.03132019780566302
5973.0	0.0320805043194937
5973.5	0.03287723829348278
5974.0	0.03371305389004847
5974.5	0.03459086995262574
5975.0	0.03551389941466817
5975.5	0.036485689982100604
5976.0	0.037510167756671826
5976.5	0.03859168919185792
5977.0	0.039735101871466054
5977.5	0.04094581607153909
5978.0	0.04222988661541073
5978.5	0.043594115805212025
5979.0	0.045046168116978674
5979.5	0.04659471675551031
5980.0	0.04824961128568109
5980.5	0.05002208986740317
5981.0	0.051925033643492845
5981.5	0.05397327259328988
5982.0	0.056183996278383594
5982.5	0.0585772273275428
5983.0	0.06117645863175626
5983.5	0.06400943758428233
5984.0	0.06710922480471604
5984.1	0.06776456029774469
5984.2	0.06843248774507131
5984.3	0.06911336985771886
5984.4	0.06980759385421187
5984.5	0.07051555675607553
5984.6	0.07123767519083622
5984.7	0.0719743853920216
5984.8	0.07272613339615992
5984.9	0.07349339464878132
5985.0	0.07427665439841653
5985.1	0.0750764273025982
5985.2	0.07589324272335984
5985.3	0.0767276692347375
5985.4	0.07758028521376785
5985.5	0.07845169844648936
5985.6	0.07934254612794243
5985.7	0.08025349976366963
5985.8	0.08118525536671505
5985.9	0.08213855306362558
5986.0	0.08311414768544909
5986.1	0.0841128528812371
5986.2	0.08513550680754274
5986.3	0.08618299173442193
5986.4	0.08725624384843399
5986.5	0.08835623364664041
5986.6	0.08948397573960551
5986.7	0.0906405484573976
5986.8	0.09182706934208751
5986.9	0.09304472455675039
5987.0	0.09429474927946455
5987.1	0.09557843260481165
5987.2	0.09689713714987805
5987.3	0.09825227454675318
5987.4	0.0996453250485309
5987.5	0.1010778375293093
5987.6	0.10255140987818968
5987.7	0.10406772330977856
5987.8	0.10562849825068497
5987.9	0.1072355286500226
5988.0	0.10889065747190822
5988.1	0.11059579139996267
5988.2	0.11235287632980925
5988.3	0.11416391207357471
5988.4	0.11603094745838888
5988.5	0.11795607542488436
5988.6	0.11994143792869691
5988.7	0.12198923084196568
5988.8	0.12410170885483357
5988.9	0.12628119527844775
5989.0	0.1285300967494608
5989.1	0.13085387353921868
5989.2	0.13325825550158454
5989.3	0.13574617373374406
5989.4	0.138320716180893
5989.5	0.14098509822723507
5989.6	0.14374271661248553
5989.7	0.14659710041686802
5989.8	0.1495519698791183
5989.9	0.1526111824799808
5990.0	0.15577877705571147
5990.1	0.15905891007857373
5990.2	0.1624558997703412
5990.3	0.16597417218579436
5990.4	0.16961827591722145
5990.5	0.1733928820944185
5990.6	0.1773028039906905
5990.7	0.1813530411363543
5990.8	0.18554885284124317
5990.9	0.1898958660277137
5991.0	0.19440017326065193
5991.1	0.19906849939848406
5991.2	0.20390830452468284
5991.3	0.2089279260912766
5991.4	0.214136637736853
5991.5	0.21954466399105999
5991.6	0.2251631557671042
5991.7	0.231004033513741
5991.8	0.23707978135226157
5991.9	0.24340319709997682
5992.0	0.24998699524869258
5992.1	0.2568434589581871
5992.2	0.263983989118183
5992.3	0.2714186681148191
5992.4	0.2791558334001238
5992.5	0.2872016216524859
5992.6	0.2955596256716332
5992.7	0.30423056597811127
5992.8	0.3132120408367679
5992.9	0.32249841842374627
5993.0	0.332080856432486
5993.1	0.34194745402023297
5993.2	0.35208362432206275
5993.3	0.362472633615915
5993.4	0.37309629243413694
5993.5	0.3839358329320393
5993.6	0.39497285977895646
5993.7	0.40619035006430954
5993.8	0.4175736286961687
5993.9	0.4291112114593061
5994.0	0.44079552553574186
5994.2	0.46459626015299593
5994.4	0.4890062267513572
5994.6	0.5141269452052588
5994.8	0.5401187680973623
5995.0	0.5671821569873711
5995.2	0.5955340522790326
5995.4	0.6253810522104389
5995.6	0.6568901999121758
5995.8	0.6901605056905172
5996.0	0.7251998609609636
5996.2	0.7619115591223863
5996.4	0.8000932172269606
5996.6	0.8394482454908913
5996.8	0.8796065316257246
5997.0	0.9201495855349406
5997.2	0.9606330862153827
5997.4	1.0006027626182639
5997.6	1.0396015988546228
5997.8	1.0771714026754236
5998.0	1.1128542269066466
5998.2	1.1462001628347809
5998.4	1.1767848875779368
5998.6	1.2042351518874619
5998.8	1.2282560815046697
5999.0	1.2486518124771486
5999.2	1.2653336276492764
5999.4	1.2783131435767892
5999.6	1.2876833417205793
5999.8	1.2935934237501014
6000.0	1.2962242550268175
6000.2	1.2957692977679869
6000.4	1.2924248080460463
6000.6	1.2863878261734822
6000.8	1.2778610782031417
6001.0	1.2670600340886788
6001.2	1.2542186424399189
6001.4	1.2395909970329642
6001.6	1.223447709699963
6001.8	1.2060679208836045
6002.0	1.1877290064864663
6002.2	1.168697068960411
6002.4	1.1492206633861901
6002.6	1.1295281506632742
6002.8	1.1098276484948522
6003.0	1.0903091880479658
6003.2	1.0711460863735989
6003.4	1.0524955836017154
6003.6	1.0344984998362388
6003.8	1.0172777647049598
6004.0	1.0009372409994597
6004.2	0.9855607933900532
6004.4	0.9712121413807782
6004.6	0.9579354965044363
6004.8	0.9457566896676645
6005.0	0.9346848866760435
6005.2	0.9247142057292008
6005.4	0.915825530975925
6005.6	0.9079883750842839
6005.8	0.9011626927967399
6006.0	0.8953006454702616
6006.2	0.8903484636464415
6006.4	0.8862480645465989
6006.6	0.8829390126719041
6006.8	0.8803600392684743
6007.0	0.8784506108074737
6007.2	0.8771523504202029
6007.4	0.8764100181981612
6007.6	0.8761724424781061
6007.8	0.8763929119620771
6008.0	0.8770295188224191
6008.2	0.8780449626417678
6008.4	0.8794064523830455
6008.6	0.8810850201794164
6008.8	0.8830553252742749
6009.0	0.8852946247061794
6010.0	0.8998652656645219
6011.0	0.9185267477971012
6012.0	0.9391989724021014
6013.0	0.9598631095315892
6014.0	0.9790576788379503
6015.0	0.9963374280329692
6016.0	1.0122729897828069
6017.0	1.027816088402774
6018.0	1.043332228771033
6019.0	1.0580102125861777
6020.0	1.0700859898864206
6021.0	1.0776693460919782
6022.0	1.0796155358053083
6023.0	1.0759733289545017
6024.0	1.0678587971602833
6025.0	1.0569442342986266
6026.0	1.0449174229864866
6027.0	1.0331584786663217
6028.0	1.0226507893454486
6029.0	1.0140169435933213
6030.0	1.007583871480657
6031.0	1.0034395549380315
6032.0	1.001477925498723
6033.0	1.0014396937963002
6034.0	1.0029562670074055
6035.0	1.0056029791451278
6036.0	1.0089596736028417
6037.0	1.0126682467678543
6038.0	1.016469311243728
6039.0	1.020204450540424
6040.0	1.0237868100724385
6041.0	1.0271569836560066
6042.0	1.0302445857466682
6043.0	1.032945704537838
6044.0	1.0351184906105277
6045.0	1.036597077194226
6046.0	1.037228243389223
6047.0	1.0369241543099528
6048.0	1.0357161795584033
6049.0	1.0337848904060174
6050.0	1.0314506489130963
6051.0	1.0291247399707035
6052.0	1.0272378584111315
6053.0	1.0261671256682792
6054.0	1.02617771290895
6055.0	1.0273873541706051
6056.0	1.0297546317756197
6057.0	1.0330899556919795
6058.0	1.0370893348704204
6059.0	1.0413859410276967
6060.0	1.0456103971004005
6061.0	1.0494433213282932
6062.0	1.0526444421661485
6063.0	1.0550515689686883
6064.0	1.0565546630539395
6065.0	1.0570630466661557
6066.0	1.0564861890946002
6067.0	1.0547392943838994
6068.0	1.0517729063959191
6069.0	1.047612610962281
6070.0	1.042391973966449
6071.0	1.0363657753945683
6072.0	1.0298985398247391
6073.0	1.0234334609150466
6074.0	1.0174494152458373
6075.0	1.0124145941267804
6076.0	1.0087437625141595
6077.0	1.0067644876737327
6078.0	1.0066942981892848
6079.0	1.008629508541919
6080.0	1.012543846689971
6081.0	1.018295267154439
6082.0	1.0256401163548825
6083.0	1.034254111030752
6084.0	1.0437593455080993
6085.0	1.053756837661641
6086.0	1.0638610354769449
6087.0	1.0737329021775255
6088.0	1.0831052569814523
6089.0	1.0917961561971952
