Energy	Absorption
7072.0	0.004142655436927508
7072.5	0.004192302301581519
7073.0	0.004243060123108858
7073.5	0.004294965895711069
7074.0	0.0043480585521504704
7074.5	0.0044023784791099654
7075.0	0.00445796800183324
7075.5	0.004514871868764949
7076.0	0.004573135959176875
7076.5	0.004632809383275427
7077.0	0.004693942705187603
7077.5	0.004756589396881567
7078.0	0.004820805515073191
7078.5	0.004886650024319514
7079.0	0.004954184312378551
7079.5	0.005023473321036413
7080.0	0.005094585384560573
7080.5	0.005167592068153137
7081.0	0.005242568975684502
7081.5	0.005319595588146625
7082.0	0.0053987559098399454
7082.5	0.005480137983733194
7083.0	0.0055638355069307106
7083.5	0.005649947022938781
7084.0	0.005738576406305833
7084.5	0.005829834316543026
7085.0	0.005923837067297125
7085.5	0.006020708564911279
7086.0	0.006120579985331561
7086.5	0.00622359009720043
7087.0	0.006329887038870779
7087.5	0.0064396276722190095
7088.0	0.006552979521205806
7088.5	0.00667012044878268
7089.0	0.006791240272359282
7089.5	0.006916541894630523
7090.0	0.007046241626670037
7090.5	0.007180571288037695
7091.0	0.007319778852966531
7091.5	0.007464129904283319
7092.0	0.007613909895062831
7092.5	0.007769425764095136
7093.0	0.007931007066712735
7093.5	0.008099009528818648
7094.0	0.008273816662353734
7094.5	0.008455842996231321
7095.0	0.008645537307271843
7095.5	0.008843385528044001
7096.0	0.009049915593266724
7096.5	0.009265701801570906
7097.0	0.009491369338807908
7097.5	0.009727600901465542
7098.0	0.009975143320084076
7098.5	0.010234814828859148
7099.0	0.010507514112258743
7099.5	0.010794230482467285
7100.0	0.011096055672297041
7100.5	0.011414197405113582
7101.0	0.011749995387962207
7101.5	0.012104940050988812
7102.0	0.012480694517795399
7102.5	0.012879120776010581
7103.0	0.013302310694262073
7103.5	0.013752623339471672
7104.0	0.014232730048393401
7104.5	0.014745669676595708
7105.0	0.015294915801901822
7105.5	0.015884461374877118
7106.0	0.016518923885751415
7106.5	0.01720368494079506
7107.0	0.017945060047933895
7107.1	0.018100765249735657
7107.2	0.01825909720139351
7107.3	0.01842012213706742
7107.4	0.018583915983721246
7107.5	0.0187505498219169
7107.6	0.01892010442502019
7107.7	0.019092655719994973
7107.8	0.019268292557543643
7107.9	0.019447097326499324
7108.0	0.01962916533943367
7108.1	0.019814590293451013
7108.2	0.020003472347524965
7108.3	0.02019591327609644
7108.4	0.020392024546410255
7108.5	0.02059192085664585
7108.6	0.020795721751384638
7108.7	0.021003553237077265
7108.8	0.021215549397510983
7108.9	0.02143185077834229
7109.0	0.0216526076180316
7109.1	0.02187797823237589
7109.2	0.022108129014508728
7109.3	0.022343244127704158
7109.4	0.022583512581638168
7109.5	0.022829141156127233
7109.6	0.023080356016595617
7109.7	0.023337399483140744
7109.8	0.023600531646000514
7109.9	0.023870046520226475
7110.0	0.024146260737412592
7110.1	0.02442952970036843
7110.2	0.024720250814053758
7110.3	0.025018871562915157
7110.4	0.025325902434624542
7110.5	0.025641931459284995
7110.6	0.025967637133169307
7110.7	0.02630381749713167
7110.8	0.02665141436861741
7110.9	0.027011544035541995
7111.0	0.027385534412039322
7111.1	0.02777496704061192
7111.2	0.02818168678493486
7111.3	0.028607779213313315
7111.4	0.029055439745829956
7111.5	0.029526627944339304
7111.6	0.030022387400727605
7111.7	0.03054172460259541
7111.8	0.031080295558329536
7111.9	0.031629736993634174
7112.0	0.03217922527749098
7112.1	0.03272212730109976
7112.2	0.033254375317758406
7112.3	0.03377734247468564
7112.4	0.03429729193866627
7112.5	0.03482247067034935
7112.6	0.03536088169481918
7112.7	0.03591929382013051
7112.8	0.03650309624525009
7112.9	0.03711653926468677
7113.0	0.03776302343714107
7113.1	0.03844537906135094
7113.2	0.0391661165735257
7113.3	0.03992762363435865
7113.4	0.04073232506029136
7113.5	0.04158277167421607
7113.6	0.04248170492416832
7113.7	0.04343206819159816
7113.8	0.04443700679137018
7113.9	0.04549982758508059
7114.0	0.04662394567063576
7114.1	0.0478127874542133
7114.2	0.049069706645961574
7114.3	0.05039788733196075
7114.4	0.051800303587539905
7114.5	0.05327980348157744
7114.6	0.054839382090477534
7114.7	0.05648271298691717
7114.8	0.05821490104761543
7114.9	0.0600433951923672
7115.0	0.06197879773316848
7115.1	0.06403533609067279
7115.2	0.06623072063306731
7115.3	0.06858519316582365
7115.4	0.07111977576512714
7115.5	0.07385375711073285
7115.6	0.07680145832039861
7115.7	0.07996841883155162
7115.8	0.08334768082646107
7115.9	0.08691812045450079
7116.0	0.090648019630385
7116.1	0.0945066295492178
7116.2	0.09848196021257853
7116.3	0.10259647469349854
7116.4	0.10691066416563186
7116.5	0.1115120094150837
7116.6	0.11649698453450845
7116.7	0.12195620593207206
7116.8	0.12796736627741112
7116.9	0.13459471432115702
7117.0	0.14189158310128583
7117.2	0.15866772653951983
7117.4	0.1785693792130412
7117.6	0.20168660342472647
7117.8	0.22774741909722515
7118.0	0.25596653141347375
7118.2	0.2852591863800102
7118.4	0.3149263389797812
7118.6	0.3451807139489801
7118.8	0.3768858593414658
7119.0	0.41082839465750104
7119.2	0.4471124206109399
7119.4	0.4848201417554465
7119.6	0.5220280696216764
7119.8	0.5563720485657799
7120.0	0.5859925626241331
7120.2	0.6102057683271278
7120.4	0.6295129613376449
7120.6	0.6451979373771716
7120.8	0.6588909937518409
7121.0	0.672279938404241
7121.2	0.6869274936426695
7121.4	0.7040872459498014
7121.6	0.7245845537321411
7121.8	0.7489300823630033
7122.0	0.7776433499765952
7122.2	0.8115009763304925
7122.4	0.8514394478278793
7122.6	0.8981533992600355
7122.8	0.9516839927341771
7123.0	1.0112498267094727
7123.2	1.0753513274950137
7123.4	1.142008949905585
7123.6	1.2089741896025012
7123.8	1.2738485461067715
7124.0	1.3341673493981343
7124.2	1.387568301620153
7124.4	1.4321068809190276
7124.6	1.4666203062299243
7124.8	1.490942507512741
7125.0	1.505854159348017
7125.2	1.5128264678205885
7125.4	1.513702988076996
7125.6	1.5104153828512044
7125.8	1.5047462395532412
7126.0	1.4981354565113552
7126.2	1.4915564335569051
7126.4	1.4854902245473
7126.6	1.4799909637923052
7126.8	1.474802535103615
7127.0	1.469486710662371
7127.2	1.4635390446444267
7127.4	1.4564832488209554
7127.6	1.4479382344520726
7127.8	1.4376542826000442
7128.0	1.4255194575345334
7128.2	1.411545148300119
7128.4	1.3958416105411293
7128.6	1.3785930559956276
7128.8	1.3600359729240281
7129.0	1.3404408228644036
7129.2	1.3200955144018425
7129.4	1.2992903631677333
7129.6	1.2783049096264665
7129.8	1.2573977739406874
7130.0	1.2367995479151066
7130.2	1.2167088532562471
7130.4	1.1972905322490506
7130.6	1.1786755023648199
7130.8	1.1609619355523586
7131.0	1.144217309881463
7131.2	1.1284814950854962
7131.4	1.1137704519815423
7131.6	1.1000803519120617
7131.8	1.0873917608052408
7132.0	1.0756737586166483
7133.0	1.0301623125906298
7134.0	1.0023143377355983
7135.0	0.9870340685681184
7136.0	0.980522232899348
7137.0	0.9807252971409905
7138.0	0.9860585040105564
7139.0	0.9934073779145273
7140.0	0.9979846591628375
7141.0	0.9953240168024513
7142.0	0.9834317218451171
7143.0	0.9631981552568154
7144.0	0.9372596950788434
7145.0	0.9086768279870127
7146.0	0.8801556232826403
7147.0	0.8538262523235015
7148.0	0.8312803058188335
7149.0	0.813593701155879
7150.0	0.8013543392003388
7151.0	0.7947909701241825
7152.0	0.7939108473756598
7153.0	0.7985091620084265
7154.0	0.8080888670386435
7155.0	0.8218416795493377
7156.0	0.8387594186978341
7157.0	0.8578175712668904
7158.0	0.878132056613059
7159.0	0.8990284494411854
7160.0	0.9200202840783512
7161.0	0.9407365038367052
7162.0	0.9608502027501471
7163.0	0.9800430691386988
7164.0	0.9980063710435668
7165.0	1.01446194114758
7166.0	1.0291843894507862
7167.0	1.0420056911976305
7168.0	1.0527931357480893
7169.0	1.0614152886813193
7170.0	1.0677269679496164
7171.0	1.0715966098947514
7172.0	1.0729754920224683
7173.0	1.0719823350258333
7174.0	1.068961944248809
7175.0	1.064477681608564
7176.0	1.0592238588029148
7177.0	1.0538858701500933
7178.0	1.0490047518089578
7179.0	1.0448998170492225
7180.0	1.0416672992589122
7181.0	1.0392358917106905
7182.0	1.0374421252668344
7183.0	1.0360955040214213
7184.0	1.035021525194958
7185.0	1.0340882858810796
7186.0	1.0332270156361365
7187.0	1.0324484573177815
7188.0	1.0318468572892396
7189.0	1.0315812906171342
7190.0	1.0318323827020868
7191.0	1.0327446694048745
7192.0	1.0343710572801021
7193.0	1.0366357001372755
7194.0	1.0393235146579196
7195.0	1.0420968843276284
7196.0	1.0445364822951426
7197.0	1.0462011405910907
7198.0	1.0466975413880033
7199.0	1.0457440441139803
7200.0	1.043211686013171
7201.0	1.0391332126080748
7202.0	1.033684225195959
7203.0	1.027147640567905
7204.0	1.0198715434665273
7205.0	1.0122256820511517
7206.0	1.0045598534597482
7207.0	0.9971689289415373
7208.0	0.9902704634799877
7209.0	0.9839985408623417
7210.0	0.9784121094909662
7211.0	0.9735122194196169
7212.0	0.9692612302598268
