Energia	Absorção
7072.0	0.004203541935170646
7072.5	0.004253717761375412
7073.0	0.0043050239918887125
7073.5	0.004357499510396838
7074.0	0.004411183994130695
7074.5	0.004466119500955043
7075.0	0.00452235007259619
7075.5	0.004579921337869678
7076.0	0.004638881306224905
7076.5	0.004699280764517432
7077.0	0.004761172483464364
7077.5	0.0048246120111889714
7078.0	0.004889657673220687
7078.5	0.004956370572495107
7079.0	0.005024814986126301
7079.5	0.005095058762179119
7080.0	0.005167173319669194
7080.5	0.0052412332517906305
7081.0	0.00531731830977755
7081.5	0.005395511815814859
7082.0	0.00547590145658286
7082.5	0.0055585804735741855
7083.0	0.005643647663093792
7083.5	0.005731206582714346
7084.0	0.005821367535137771
7084.5	0.005914247171422931
7085.0	0.006009969681302563
7085.5	0.006108665999638663
7086.0	0.0062104757902840205
7086.5	0.006315547446082229
7087.0	0.006424039279184604
7087.5	0.006536119124277883
7088.0	0.006651967115990383
7088.5	0.006771774101802766
7089.0	0.0068957456097711286
7089.5	0.007024100261437768
7090.0	0.0071570725492373435
7090.5	0.007294914820358421
7091.0	0.0074378972767434786
7091.5	0.007586310355722752
7092.0	0.0077404671106480975
7092.5	0.007900704797982222
7093.0	0.00806738725793254
7093.5	0.008240909278946579
7094.0	0.008421697391256583
7094.5	0.008610213834602616
7095.0	0.00880696171627258
7095.5	0.009012488978825294
7096.0	0.009227392764585911
7096.5	0.009452325367230533
7097.0	0.009688002564004726
7097.5	0.009935207980218894
7098.0	0.01019480499241757
7098.5	0.010467745457370212
7099.0	0.010755081218468156
7099.5	0.011057978786300065
7100.0	0.011377735209544281
7100.5	0.011715796326495054
7101.0	0.012073779777856447
7101.5	0.012453501987259379
7102.0	0.012857010299818642
7102.5	0.013286620278729958
7103.0	0.013744964905036301
7103.5	0.014235050522523484
7104.0	0.01476032865350809
7104.5	0.0153247844790624
7105.0	0.015933051506211715
7105.5	0.016590553612420993
7106.0	0.01730369668662014
7106.5	0.018080120182847964
7107.0	0.01892904429602258
7107.1	0.019110529537279618
7107.2	0.019293951820949524
7107.3	0.019479374233829446
7107.4	0.01966686303689499
7107.5	0.019861760372515462
7107.6	0.020061910576735686
7107.7	0.02026434698300076
7107.8	0.020469150929634042
7107.9	0.020676407722681988
7107.94	0.02075319506765596
7108.04	0.02096953120145231
7108.14	0.021190541709821792
7108.24	0.021416396808085
7108.34	0.021647277821187177
7108.44	0.021883375993381287
7108.54	0.022124895265634197
7108.64	0.02237205346594359
7108.74	0.022625081515793333
7108.84	0.022884228984965834
7108.94	0.02314976171090817
7109.04	0.023421967353544418
7109.14	0.023701156188820266
7109.24	0.023987665076426114
7109.34	0.024281860237203228
7109.44	0.024584142411183774
7109.54	0.024894951618858505
7109.64	0.025214774699850645
7109.74	0.02554415126450053
7109.84	0.02588368520026256
7109.94	0.026234054591012933
7110.04	0.026596029175031247
7110.14	0.026970486612665153
7110.24	0.027358436689441233
7110.34	0.027761051867532784
7110.44	0.028179703392039946
7110.54	0.028616009697211404
7110.64	0.029071895128746143
7110.74	0.02954966493375985
7110.84	0.03005209056683136
7110.94	0.03058251086694149
7111.04	0.031144922918331795
7111.14	0.03174404116957861
7111.24	0.032385231172617476
7111.34	0.03307418026172657
7111.44	0.03381604409628993
7111.54	0.034613741730185374
7111.64	0.0354652432762797
7111.74	0.03636043104069168
7111.84	0.03727957829775904
7111.94	0.03819688691194618
7112.04	0.03908967420388829
7112.14	0.03994781771843642
7112.24	0.04077908347999596
7112.34	0.041607242514375496
7112.44	0.04246246142023348
7112.54	0.04336920517814707
7112.64	0.04433588536106849
7112.74	0.04534907916178199
7112.84	0.0463752553524482
7112.94	0.047373804287233985
7113.04	0.04831512278415977
7113.14	0.049195564505705225
7113.24	0.05004061413728179
7113.34	0.05089232954365071
7113.44	0.0517932367808979
7113.54	0.052776537755846196
7113.64	0.05386433268611069
7113.74	0.05507032608724661
7113.84	0.056403385820361626
7113.94	0.05787039985274116
7114.04	0.059478085539577744
7114.14	0.0612340886832671
7114.24	0.06314759059504109
7114.34	0.06522969693183053
7114.44	0.06749369163054303
7114.54	0.06995525116510984
7114.64	0.07263265483580979
7114.74	0.0755469871231467
7114.84	0.07872237178351196
7114.94	0.08218614246127727
7115.04	0.08596902917177997
7115.14	0.09010532097796971
7115.24	0.09463297708665507
7115.34	0.09959371413841148
7115.44	0.10503303794936594
7115.54	0.11100011257633514
7115.64	0.11754744289897806
7115.74	0.12473011678468572
7115.84	0.132604527481746
7115.94	0.14122655640216805
7116.04	0.1506496725823219
7116.14	0.160923424948164
7116.24	0.17209269638329616
7116.34	0.18419737440794898
7116.44	0.1972716171502102
7116.54	0.2113416115824782
7116.64	0.22642103047852358
7116.74	0.24250393812460266
7116.84	0.25955551378287156
7116.94	0.2775019379652282
7117.04	0.29624500158973205
7117.14	0.31558615979292526
7117.24	0.33526520929452097
7117.34	0.35514805692494644
7117.44	0.37495567255784956
7117.54	0.39453685023396745
7117.64	0.41375174358524586
7117.74	0.4325109002946055
7117.84	0.4507827015767366
7117.94	0.4683887982787131
7118.14	0.5012424977231028
7118.34	0.5295811663536817
7118.54	0.5521392988906767
7118.74	0.5687655266981784
7118.94	0.5805621229280089
7119.14	0.5894391891532539
7119.34	0.5974146696606031
7119.54	0.6059923711786561
7119.74	0.6160616985154199
7119.94	0.6282530435155427
7120.14	0.6432286588400896
7120.34	0.6616266337165044
7120.54	0.6838200531470039
7120.74	0.7097743185862373
7120.94	0.739156379357973
7121.14	0.7716295344807352
7121.34	0.8070749903251895
7121.54	0.8455517469336938
7121.74	0.8870686920059715
7121.94	0.9313724467454517
7122.14	0.9778544814617164
7122.34	1.025548814291108
7122.54	1.0731666890965423
7122.74	1.1191633522471238
7122.94	1.1618629168638102
7123.14	1.1996477422425305
7123.34	1.2311693976909166
7123.54	1.2555066175845424
7123.74	1.2722280707462204
7123.94	1.2813811714668841
7124.14	1.2834597028851689
7124.34	1.2793729481017662
7124.54	1.2703824843505895
7124.74	1.2579611304429001
7124.94	1.2435819035761138
7125.14	1.2285095948398468
7125.34	1.213673246595783
7125.54	1.1996490515911504
7125.74	1.1867301452078896
7125.94	1.1750327817325568
7126.14	1.164594099053281
7126.34	1.1554324280507418
7126.54	1.1475659408966936
7126.74	1.1410017001382382
7126.94	1.1357153836328298
7127.14	1.1316391036383864
7127.34	1.1286630335797585
7127.54	1.1266480650853865
7127.74	1.1254409646895083
7127.94	1.1248848486211183
7128.14	1.1248226744002872
7128.34	1.1250968440658535
7128.54	1.1255495612705002
7128.74	1.126027751257389
7128.94	1.1263918692054211
7129.14	1.1265270098538898
7129.34	1.1263507239169708
7129.54	1.1258166287117342
7129.74	1.1249116704292113
7129.94	1.1236493393279106
7130.14	1.1220612184836343
7130.34	1.1201885325392942
7130.54	1.1180757993479677
7130.74	1.1157670209587307
7130.94	1.1133034220144953
7131.14	1.1107232513658556
7131.34	1.1080615440077024
7131.54	1.105350478174301
7131.74	1.1026187801808283
7131.94	1.099891526037217
7132.14	1.09718502308537
7132.34	1.094518157687199
7132.54	1.0919037059110557
7132.74	1.089347460632653
7132.94	1.086851247004612
7133.94	1.0748886015634365
7134.94	1.0628525135678522
7135.94	1.049378006920203
7136.94	1.0335046942463895
7137.94	1.014991972818192
7138.94	0.9943170010144966
7139.94	0.9723940612670887
7140.94	0.9503539546568132
7141.94	0.9293681514261937
7142.94	0.9103806522529653
7143.94	0.8939138078820164
7144.94	0.8801405713628697
7145.94	0.8691010166987413
7146.94	0.8608082770530611
7147.94	0.8551954566145203
7148.94	0.8520550434654764
7149.94	0.8510740239313053
7150.94	0.8519157367077625
7151.94	0.8542683981143825
7152.94	0.8578508156157285
7153.94	0.8624096500924604
7154.94	0.8677286209589051
7155.94	0.8736431073840305
7156.94	0.8800482027693187
7157.94	0.8868941518672124
7158.94	0.8941696863441345
7159.94	0.9018808768164134
7160.94	0.9100385551680866
7161.94	0.9186658135475423
7162.94	0.9278211361931367
7163.94	0.9376145877434057
7164.94	0.9481926962120877
7165.94	0.959685444207634
7166.94	0.97213290573326
7167.94	0.985424420991967
7168.94	0.9992831222664869
7169.94	1.0133066824354247
7170.94	1.0270452807319896
7171.94	1.0400795288254967
7172.94	1.0520707815501562
7173.94	1.062780181975909
7174.94	1.0720670346419596
7175.94	1.07987674367858
7176.94	1.08622196612243
7177.94	1.0911599958949383
7178.94	1.0947726474462351
7179.94	1.0971536780729538
7180.94	1.0984035108465184
7181.94	1.098625584307904
7182.94	1.0979188931482227
7183.94	1.0963667198751479
7184.94	1.0940273106636507
7185.94	1.090933637292615
7186.94	1.0871045067694902
7187.94	1.0825648363952862
7188.94	1.0773654130255639
7189.94	1.071594240758474
7190.94	1.0653749141682916
7191.94	1.0588548738450665
7192.94	1.0521887816348732
7193.94	1.0455237607099144
7194.94	1.0389887620706373
7195.94	1.0326892081195616
7196.94	1.026706119762198
7197.94	1.0210994096172172
7198.94	1.0159141113416974
7199.94	1.0111859344434553
7200.94	1.0069448352318249
7201.94	1.0032150564948912
7202.94	1.0000127468656324
7203.94	0.9973436198652997
7204.94	0.9952017635864877
7205.94	0.9935691248891337
7206.94	0.9924145174697453
7207.94	0.9916918760632394
7208.94	0.9913385106447832
7209.94	0.991276891905185
7210.94	0.9914209202533767
7211.94	0.9916870751182996
