Energia	Absorção
6499.0	0.003635513153444858
6499.5	0.003678802788136324
6500.0	0.0037230518088043644
6500.5	0.003768292441150079
6501.0	0.0038145575822433457
6501.5	0.0038618819194707666
6502.0	0.003910301930535673
6502.5	0.003959855659668534
6503.0	0.004010582941416545
6503.5	0.004062525176854039
6504.0	0.004115726228740851
6504.5	0.0041702317501535425
6505.0	0.004226089632064584
6505.5	0.004283350450921541
6506.0	0.004342066797278296
6506.5	0.004402294618532594
6507.0	0.0044640918761885045
6507.5	0.00452752055996273
6508.0	0.004592645121257476
6508.5	0.004659533592108402
6509.0	0.0047282582565534
6509.5	0.0047988945316846335
6510.0	0.004871522757965265
6510.5	0.0049462273040711
6511.0	0.005023097909628125
6511.5	0.005102229013843737
6512.0	0.0051837208744547
6512.5	0.005267680015306325
6513.0	0.005354219226352472
6513.5	0.0054434577874451365
6514.0	0.0055355237062303655
6514.5	0.005630551927831526
6515.0	0.005728687020324396
6515.5	0.005830082727157989
6516.0	0.005934903309892088
6516.5	0.0060433242195660295
6517.0	0.006155533439436246
6517.5	0.006271732156345037
6518.0	0.006392135879668526
6518.5	0.006516976679212567
6519.0	0.006646503632791936
6519.5	0.006780985511705407
6520.0	0.006920711899683724
6520.5	0.00706599610215427
6521.0	0.007217176712768215
6521.5	0.007374621417823555
6522.0	0.007538729457950614
6522.5	0.007709935432535095
6523.0	0.007888713551720303
6523.5	0.008075582559778157
6524.0	0.008271110658480178
6524.5	0.008475922444574818
6525.0	0.00869070629484396
6525.5	0.008916222422528198
6526.0	0.009153314738175154
6526.5	0.009402921367750255
6527.0	0.009666090317908112
6527.5	0.009943997602949369
6528.0	0.010237967162094325
6528.5	0.010549498609392203
6529.0	0.010880299683211843
6529.5	0.011232327199736861
6530.0	0.011607838748361162
6530.5	0.012009460947514192
6531.0	0.01244027694639102
6531.5	0.012903944362066776
6532.0	0.013404856184212595
6532.5	0.013948363445738628
6533.0	0.014541097479805086
6533.5	0.015191444129965538
6534.0	0.01591026949981049
6534.1	0.016066292693383864
6534.2	0.016223663324084585
6534.3	0.016382454571108908
6534.4	0.01654316526145515
6534.5	0.016712083435050946
6534.6	0.016887472037091022
6534.7	0.017064643123223335
6534.8	0.01724370881203297
6534.9	0.017425255656037905
6535.0	0.01761698873085592
6535.1	0.017816904448278884
6535.2	0.018019285431836195
6535.3	0.018224313174886136
6535.4	0.018432705594436615
6535.44	0.018527739634567136
6535.54	0.018751419568657307
6535.64	0.018981778726880155
6535.74	0.0192191420517218
6535.84	0.019464025154399878
6535.94	0.019718404097002838
6536.04	0.01998355067577627
6536.14	0.02025832893475631
6536.24	0.020543391444390283
6536.34	0.020839666260112022
6536.44	0.021149780895509344
6536.54	0.021475793991029758
6536.64	0.02181688334371597
6536.74	0.022174461513466307
6536.84	0.022550406542528354
6536.94	0.02294869159130055
6536.95	0.022988062894043378
6537.05	0.023413932247800966
6537.15	0.02386692042419469
6537.25	0.02435080722941637
6537.35	0.02487014230585083
6537.45	0.025432709055472687
6537.55	0.02604339056715734
6537.65	0.02671012689559311
6537.75	0.02744323250302871
6537.85	0.028255561863570592
6537.95	0.029165732033293194
6538.05	0.030191561139431115
6538.15	0.03135714908303805
6538.25	0.03269185034476412
6538.35	0.034228808163034904
6538.45	0.036004028045144756
6538.55	0.03803859544635672
6538.65	0.04032877084260535
6538.75	0.04282091186893042
6538.85	0.04539425494834612
6538.95	0.047879982164993416
6539.05	0.050113955043360886
6539.15	0.05202550306850987
6539.25	0.05367028271171952
6539.35	0.055188657042354525
6539.45	0.05673191453761167
6539.55	0.05839735891165332
6539.65	0.06023724055818374
6539.75	0.062292452549164504
6539.85	0.06462865698848792
6539.95	0.06734982875802371
6540.05	0.07055885736012535
6540.15	0.0743247639804459
6540.25	0.07863640165945814
6540.35	0.08337519324448023
6540.37	0.0840947707711405
6540.47	0.08904072438054181
6540.57	0.0938850775156338
6540.67	0.09836637903515899
6540.77	0.10226186878024623
6540.87	0.10538015517899336
6540.97	0.10755281194732554
6541.07	0.10865709273248084
6541.17	0.10866429428151889
6541.27	0.10767642436580464
6541.37	0.10592232798318832
6541.47	0.10371222450259582
6541.57	0.10136195712537462
6541.67	0.09910743141097064
6541.77	0.09704948471118799
6541.87	0.09516574030482357
6541.97	0.09338295857243417
6542.07	0.09165893727295098
6542.17	0.09002128309031844
6542.27	0.08855298839435512
6542.37	0.08735558876038899
6542.47	0.08651937657469669
6542.57	0.08610756344514917
6542.67	0.08614974778305073
6542.77	0.08664212964114638
6542.87	0.08755507256390135
6542.97	0.08884786027313094
6543.07	0.09048637380779288
6543.17	0.09245620111822742
6543.27	0.09476595586579174
6543.37	0.09744238314450505
6543.47	0.10052279539287307
6543.57	0.10404816400921418
6543.67	0.10805773497410026
6543.77	0.11258591593714601
6543.87	0.11766160932402772
6543.97	0.12330962221090663
6544.07	0.12962103024762783
6544.17	0.13645056937278396
6544.27	0.14401099187473718
6544.37	0.15216428447482813
6544.47	0.16107842587794977
6544.57	0.17059776147198494
6544.67	0.1807777888376032
6544.77	0.1914808393321155
6544.87	0.20256826187652813
6544.97	0.21397513511049499
6545.07	0.22536113101351843
6545.17	0.23676112943125008
6545.27	0.24773767318491094
6545.37	0.25845723935123827
6545.47	0.26861415372789915
6545.57	0.27853264267431954
6545.67	0.2881151115498688
6545.77	0.29768547340854556
6545.87	0.3071841554612283
6545.97	0.31669530259412915
6546.07	0.3261896655077058
6546.17	0.3353962126283105
6546.27	0.34451208020664614
6546.37	0.3529725799677683
6546.47	0.3613279881369617
6546.57	0.36879730142063116
6546.67	0.3762292418426053
6546.77	0.38271367951528795
6546.87	0.38925469119657286
6546.97	0.39493050994013223
6547.07	0.4007580580263827
6547.17	0.40591211133854943
6547.27	0.4113694219254664
6547.37	0.41665405646397574
6547.47	0.4224567639056263
6547.57	0.4286825903269612
6547.67	0.435664713671046
6547.77	0.4435414582840714
6547.87	0.4523411783072158
6547.97	0.46229764434722714
6548.07	0.4732331227109414
6548.17	0.48541016334650766
6548.27	0.49853450532073357
6548.37	0.512881969304514
6548.47	0.5280967969850524
6548.57	0.5444670055659528
6548.67	0.5615740413751868
6548.77	0.5797278306173165
6548.87	0.5983716966847545
6548.97	0.6178919451694674
6549.07	0.6374523638857632
6549.17	0.6576341344014418
6549.27	0.677212277253344
6549.37	0.6970932298008142
6549.47	0.7157712461598373
6549.57	0.7344938190264265
6549.67	0.7518275760702923
6549.77	0.7691539032997373
6549.87	0.7854372815193336
6549.97	0.8018577756213293
6550.07	0.8178584180716693
6550.17	0.8342179071311612
6550.27	0.8507656032366755
6550.37	0.8679089824754864
6550.57	0.9043864396382658
6550.77	0.9448488732898817
6550.97	0.9900833514218448
6551.17	1.040109075181062
6551.37	1.0938145488059647
6551.57	1.1489108747388688
6551.77	1.2023558572798592
6551.97	1.251069122224799
6552.17	1.292605410228779
6552.37	1.3255686994442464
6552.57	1.3497033774003726
6552.77	1.3657004168382976
6552.97	1.3748687630757201
6553.17	1.378829861215198
6553.37	1.3792606337988944
6553.57	1.3776322064610982
6553.77	1.374958905522971
6553.97	1.371665215080702
6554.17	1.3676691386281528
6554.37	1.3626576616644055
6554.57	1.3563879948621957
6554.77	1.3488210869378954
6554.97	1.340053458342099
6555.17	1.3302106997932694
6555.37	1.3194458162347669
6555.57	1.3079856407960182
6555.77	1.2961178997541587
6555.97	1.28413092361822
6556.17	1.2722660247041662
6556.37	1.2606978484088058
6556.57	1.2495360068738055
6556.77	1.2388464732705888
6556.97	1.2286818381530389
6557.17	1.2190968404551115
6557.37	1.2101356562420678
6557.57	1.201802291347587
6557.77	1.1940383143094613
6557.97	1.1867229682643927
6558.17	1.179693379148059
6558.37	1.1727730664890057
6558.57	1.1657990443281148
6558.77	1.1586420965555488
6558.97	1.1512191300961734
6559.17	1.1435659736635058
6559.37	1.1356098956404745
6559.57	1.1273859862349467
6559.77	1.1189742502257012
6559.97	1.1104668217873486
6560.17	1.1021607368440092
6560.37	1.0939686726972793
6560.57	1.085931627600228
6560.77	1.0780921215751431
6560.97	1.0704710118119054
6561.17	1.0633167271354722
6561.37	1.056452048568739
6561.57	1.0499306632345837
6561.77	1.0437218895800824
6561.97	1.037767945132841
6562.17	1.0321749732958658
6562.37	1.0268756357812285
6562.57	1.021956292992092
6562.77	1.0173701057670617
6562.97	1.0130312955559113
6563.17	1.0087922955023427
6563.37	1.0048112800892668
6563.57	1.001191617728762
6563.77	0.997885887406498
6563.97	0.9948065202555199
6564.17	0.9917047070085655
6564.37	0.9888001419071095
6564.57	0.9861816246608566
6564.77	0.983796072378824
6564.97	0.9815642187878832
6565.17	0.9793149767457225
6565.37	0.9771737803180918
6566.37	0.9680944799589238
6567.37	0.9597712303539556
6568.37	0.9504791732306337
6569.37	0.9393066569321431
6570.37	0.9263352080064814
6571.37	0.912094446899685
6572.37	0.8970761288589946
6573.37	0.881748645498352
6574.37	0.8667216444215311
6575.37	0.8527230460311447
6576.37	0.8404969954751517
6577.37	0.8307609845612243
6578.37	0.824171477675572
6579.37	0.8212489422699595
6580.37	0.8222979112198057
6581.37	0.8273680881932696
6582.37	0.8362641943932534
6583.37	0.848585825483558
6584.37	0.8637816758067806
6585.37	0.8812067166248111
6586.37	0.9001596137384469
6587.37	0.9198876956163121
6588.37	0.9395798145069053
6589.37	0.9583852342800787
6590.37	0.9754802302093176
6591.37	0.9901742099957866
6592.37	1.0020199301418926
6593.37	1.0108801181125224
6594.37	1.0169167304346756
6595.37	1.0205081505487972
6596.37	1.022134519022356
6597.37	1.0222766477915937
6598.37	1.0213524191597652
6599.37	1.0196904457622797
6600.37	1.0175281012183004
6601.37	1.0150210759462786
6602.37	1.0122598033199333
6603.37	1.00929680675627
6604.37	1.0061848558408437
6605.37	1.0030163085378563
6606.37	0.9999503687623374
6607.37	0.9972182782986573
6608.37	0.9951036009375587
6609.37	0.9938998143486658
6610.37	0.9938532437347809
6611.37	0.9951072039499738
6612.37	0.9976682967871786
6613.37	1.0014107077383412
6614.37	1.0061149887305367
6615.37	1.0115205367850577
6616.37	1.0173665027546468
6617.37	1.023408620300738
6618.37	1.0294132083324206
6619.37	1.0351374999013883
6620.37	1.040307173727006
6621.37	1.0446044485900687
6622.37	1.047679384707145
6623.37	1.0491887783614937
6624.37	1.048851930269136
6625.37	1.0465001478363838
6626.37	1.0420987884345518
6627.37	1.0357380168898502
6628.37	1.0276054583953644
6629.37	1.017959209486383
6630.37	1.0071103153154228
6631.37	0.9954114235199651
6632.37	0.9832430211626111
6633.37	0.9709914362142861
6634.37	0.9590209309922443
6635.37	0.9476470488197811
6636.37	0.9371174576372451
6637.37	0.9276038264398841
6638.37	0.919203906521043
