Energia	Absorção
7072.0	0.004001920330678727
7072.5	0.004048859310155424
7073.0	0.004096824462473996
7073.5	0.004145848554590402
7074.0	0.004195967189062559
7074.5	0.0042472165985821516
7075.0	0.004299635221309051
7075.5	0.004353262440603786
7076.0	0.00440814047542884
7076.5	0.004464312489947351
7077.0	0.0045218247989912965
7077.5	0.004580724662593309
7078.0	0.004641062491454862
7078.5	0.0047028912168125036
7079.0	0.004766265345237201
7079.5	0.004831243479169419
7080.0	0.004897885796384042
7080.5	0.0049662565705254486
7081.0	0.005036423225906861
7081.5	0.00510845633751034
7082.0	0.005182430576187446
7082.5	0.005258424078525462
7083.0	0.0053365203372487055
7083.5	0.005416806310817219
7084.0	0.005499374313828074
7084.5	0.005584322332082263
7085.0	0.005671753077384036
7085.5	0.0057617761930091015
7086.0	0.005854507308503963
7086.5	0.0059500696150203486
7087.0	0.0060485929201145525
7087.5	0.006150215853215629
7088.0	0.006255086180692271
7088.5	0.006363360175719049
7089.0	0.006475205138811479
7089.5	0.0065907997128929075
7090.0	0.0067103341983614
7090.5	0.006834012443491041
7091.0	0.006962052474565704
7091.5	0.007094688071213474
7092.0	0.007232170656807953
7092.5	0.007374770243668908
7093.0	0.007522777638530467
7093.5	0.0076765063329424215
7094.0	0.007836295653939066
7094.5	0.008002512024306737
7095.0	0.00817555368858708
7095.5	0.008355852918545232
7096.0	0.008543880109039321
7096.5	0.008740149134157495
7097.0	0.008945222388288073
7097.5	0.00915971677239034
7098.0	0.009384311255599768
7098.5	0.00961975443683325
7099.0	0.009866876832397562
7099.5	0.010126600643062793
7100.0	0.010399955822473429
7100.5	0.01068809740582699
7101.0	0.01099232756455592
7101.5	0.011314122387012751
7102.0	0.01165516716596113
7102.5	0.012017397672337648
7103.0	0.012403058757692315
7103.5	0.012814777764772568
7104.0	0.013255662828391154
7104.5	0.013729441189788291
7105.0	0.01424064792169532
7105.5	0.014794900036523959
7106.0	0.015399302292513177
7106.5	0.016063064409755357
7107.0	0.016798478722738003
7107.1	0.01695554649598883
7107.2	0.017116301812052467
7107.3	0.017280921423450956
7107.4	0.017449597205916784
7107.5	0.01762253521319222
7107.6	0.017799959772898825
7107.7	0.01798211317147056
7107.8	0.01816925975002328
7107.9	0.01836168684955538
7108.0	0.018559708591750424
7108.1	0.018763669659779738
7108.2	0.01897394687363683
7108.3	0.01919095580654199
7108.4	0.019415154565744847
7108.5	0.01964705072399588
7108.6	0.019887206045549624
7108.7	0.0201362468833719
7108.8	0.020394871425678116
7108.9	0.020663862298608657
7109.0	0.020944097908636702
7109.1	0.021236569771246862
7109.2	0.021542398894413166
7109.3	0.021862858463414712
7109.4	0.022199400936587704
7109.5	0.02255368892188014
7109.6	0.022927634245145406
7109.7	0.023323445210174945
7109.8	0.023743683940871157
7109.9	0.024191338846630793
7110.0	0.024669911580804976
7110.1	0.025183527944242456
7110.2	0.02573707493938423
7110.3	0.026336374687183643
7110.4	0.026988403398590908
7110.5	0.02770156957861185
7110.6	0.02848606816148579
7110.7	0.02935433294673124
7110.8	0.030321612226343376
7110.9	0.03140670068516607
7111.0	0.032632854040056725
7111.1	0.03402890910265967
7111.2	0.03563059886858085
7111.3	0.03748193818154461
7111.4	0.03963640334380814
7111.5	0.04215719992301308
7111.6	0.045115217968106996
7111.7	0.04858228957802124
7111.8	0.05261643747015218
7111.9	0.05723636401474661
7112.0	0.06238757524351132
7112.1	0.06791624290089894
7112.2	0.07357289702799091
7112.3	0.07907751247943785
7112.4	0.08419619935374541
7112.5	0.08872398773872106
7112.6	0.09235448139080692
7112.7	0.09459504172985005
7112.8	0.09491058751572543
7112.9	0.09305119194253238
7113.0	0.0892772483380651
7113.1	0.08426615995538454
7113.2	0.07880361223431753
7113.3	0.07351782333663077
7113.4	0.06878425846823898
7113.5	0.06476015175770786
7113.6	0.06146260503551239
7113.7	0.05883750871495811
7113.8	0.05680443882318123
7113.9	0.05528093605524594
7114.0	0.054193479553721516
7114.1	0.05348117949256527
7114.2	0.05309580228247328
7114.3	0.053000393728596384
7114.4	0.053167577669365466
7114.5	0.05357812557283711
7114.6	0.054219746679858224
7114.7	0.055086051434016986
7114.8	0.056175404638184365
7114.9	0.0574894414894894
7115.0	0.05903093142584432
7115.1	0.06080066841579733
7115.2	0.06279344440375242
7115.3	0.06499408891923482
7115.4	0.06737618990534106
7115.5	0.0699073931437315
7115.6	0.07256313917078186
7115.7	0.07534429442042373
7115.8	0.07828757363667424
7115.9	0.08146011127122114
7116.0	0.08494048185431798
7116.1	0.08879648147810926
7116.2	0.09306743364041348
7116.3	0.09775158656935438
7116.4	0.10279574122153291
7116.5	0.10808608283569654
7116.6	0.11344384246174369
7116.7	0.11863322719419946
7116.8	0.12338916181137023
7116.9	0.1274655412686609
7117.0	0.13069182301231658
7117.2	0.13450990748726188
7117.4	0.13575190114482313
7117.6	0.13614903665103392
7117.8	0.1371474237443918
7118.0	0.13956202703027326
7118.2	0.14369388976587352
7118.4	0.1495714278334796
7118.6	0.15719101481325415
7118.8	0.16665448347284317
7119.0	0.17816676276574428
7119.2	0.19196454038738361
7119.4	0.2082572538983718
7119.6	0.22719953812547983
7119.8	0.2488717036174931
7120.0	0.2732415127308192
7120.2	0.3001012985807367
7120.4	0.3290123116269682
7120.6	0.35932272259544407
7120.8	0.39029694798226494
7121.0	0.42127334733058686
7121.2	0.4516831619010314
7121.4	0.4809340659512813
7121.6	0.508429543349459
7121.8	0.533886979100427
7122.0	0.5576917945236411
7122.2	0.5809067102195462
7122.4	0.6049222423749208
7122.6	0.6310573554871389
7122.8	0.6603492497390248
7123.0	0.6935330391848201
7123.2	0.7310890747961934
7123.4	0.7732709854149353
7123.6	0.820112105117395
7123.8	0.8714447238011068
7124.0	0.9269308062060004
7124.2	0.9860543988024913
7124.4	1.048029472727849
7124.6	1.1116377903675814
7124.8	1.175086999230787
7125.0	1.2360043936258471
7125.2	1.2916392821201539
7125.4	1.3392562855316725
7125.6	1.376615561873856
7125.8	1.4023943658467195
7126.0	1.416420072304404
7126.2	1.41964393118372
7126.4	1.4138717483315253
7126.6	1.40134969857874
7126.8	1.384346988145519
7127.0	1.3648521931782513
7127.2	1.3444293687035391
7127.4	1.3242111171567452
7127.6	1.304970549658348
7127.8	1.2872175074403776
7128.0	1.2712833463449598
7128.2	1.2573808625456904
7128.4	1.2456396745587344
7128.6	1.236122732747557
7128.8	1.228832935727493
7129.0	1.2237153988473128
7129.2	1.220660415817934
7129.4	1.2195090353962719
7129.6	1.220061536684425
7129.8	1.2220881098970495
7130.0	1.2253404508226982
7130.2	1.2295636073386675
7130.4	1.2345062505914222
7130.6	1.2399294023492873
7130.8	1.245612578806692
7131.0	1.2513573823466488
7131.2	1.256988824821666
7131.4	1.2623546974199817
7131.6	1.2673241528645824
7131.8	1.2717856259717695
7132.0	1.2756455418769315
7133.0	1.283769320939503
7134.0	1.2713445323338735
7135.0	1.239950417310464
7136.0	1.193969020614952
7137.0	1.1404211981750383
7138.0	1.0873143118395787
7139.0	1.0404341868568536
7140.0	1.002157404241158
7141.0	0.9722688048172645
7142.0	0.9490966436975469
7143.0	0.9303314491140475
7144.0	0.9136014290691117
7145.0	0.8969566031096664
7146.0	0.8793417492271114
7147.0	0.8609084145927518
7148.0	0.8428707409515851
7149.0	0.8268718021047732
7150.0	0.8142392268890064
7151.0	0.8055854423138145
7152.0	0.8008926155935512
7153.0	0.7998608975745126
7154.0	0.8022046801261611
7155.0	0.807751779196275
7156.0	0.8163839186765216
7157.0	0.8279023858830287
7158.0	0.8418902528079193
7159.0	0.8576513476638399
7160.0	0.8742909120063187
7161.0	0.8909122654828902
7162.0	0.9068173143982069
7163.0	0.9216070895567923
7164.0	0.9351654257984374
7165.0	0.9475711528575722
7166.0	0.9589844192314411
7167.0	0.9695337091954254
7168.0	0.9792315624115171
7169.0	0.9879499672046607
7170.0	0.9954694794900032
7171.0	1.0015781537745354
7172.0	1.006164834461508
7173.0	1.0092616268664216
7174.0	1.0110317986486748
7175.0	1.0117317197319504
7176.0	1.0116716994905082
7177.0	1.011183219793227
7178.0	1.0105896337833724
7179.0	1.010181118061304
7180.0	1.010196745378761
7181.0	1.0108150326323373
7182.0	1.0121546655173157
7183.0	1.0142874792832963
7184.0	1.0172595997221274
7185.0	1.0211096855405022
7186.0	1.025871165334835
7187.0	1.0315548774059433
7188.0	1.0381210603130389
7189.0	1.045457329698524
7190.0	1.0533752755656403
7191.0	1.061623852621048
7192.0	1.069906519913327
7193.0	1.0778889914783298
7194.0	1.0851983226452149
7195.0	1.0914223744227454
7196.0	1.0961234243886868
7197.0	1.0988736747276562
7198.0	1.099312499883986
7199.0	1.0972143119685802
7200.0	1.092544453624176
7201.0	1.0854798033995694
7202.0	1.0763841690259595
7203.0	1.065747637041737
7204.0	1.0541124375546296
7205.0	1.042008292517062
7206.0	1.0299087789626922
7207.0	1.018207667483408
7208.0	1.0072077058482476
7209.0	0.9971168697074791
7210.0	0.9880505995674778
7211.0	0.9800419459443971
7212.0	0.9730589295494897
