Energia	Absorção
7072.0	0.00426468366928641
7072.5	0.004315419599473863
7073.0	0.004367292825911896
7073.5	0.004420341496902416
7074.0	0.004474605668162424
7074.5	0.004530126945183688
7075.0	0.004586948960086512
7075.5	0.004645117610046626
7076.0	0.004704680580441414
7076.5	0.004765688060130572
7077.0	0.00482819250302922
7077.5	0.004892248985748236
7078.0	0.0049579154460211395
7078.5	0.005025252563490651
7079.0	0.0050943239981355755
7079.5	0.005165196747911137
7080.0	0.00523794138717586
7080.5	0.005312632185905021
7081.0	0.0053893471096906394
7081.5	0.005468168535022144
7082.0	0.005549183368499815
7082.5	0.00563248316604823
7083.0	0.005718164728983472
7083.5	0.005806330223226586
7084.0	0.005897088013797673
7084.5	0.005990552426389011
7085.0	0.006086844820286037
7085.5	0.006186093826794241
7086.0	0.006288435706879497
7086.5	0.006394015543302489
7087.0	0.00650298712140528
7087.5	0.006615514598099507
7088.0	0.0067317725018663935
7088.5	0.0068519466864642884
7089.0	0.006976235999916878
7089.5	0.007104852522940073
7090.0	0.0072380231187167705
7090.5	0.0073759908634581815
7091.0	0.0075190162385382585
7091.5	0.007667378918695352
7092.0	0.007821379441020418
7092.5	0.007981341231585556
7093.0	0.008147612870499431
7093.5	0.008320570714603041
7094.0	0.008500621520165461
7094.5	0.008688205780860261
7095.0	0.008883801065741935
7095.5	0.009087926549356737
7096.0	0.009301147064999763
7096.5	0.009524079065387134
7097.0	0.009757396106474385
7097.5	0.010001835881049621
7098.0	0.010258208921314911
7098.5	0.010527406943827311
7099.0	0.01081041465162978
7099.5	0.011108322013235845
7100.0	0.011422339641163811
7100.5	0.011753816793166729
7101.0	0.01210426306907909
7101.5	0.012475373326426528
7102.0	0.0128690614178303
7102.5	0.013287500604364632
7103.0	0.013733165757115688
7103.5	0.01420890726951653
7104.0	0.01471802258541318
7104.5	0.01526436468329817
7105.0	0.015852488708845997
7105.5	0.016487847484960388
7106.0	0.01717707762403859
7106.5	0.01792841200648576
7107.0	0.018752330686116203
7107.1	0.01892809064220827
7107.2	0.019106143072818018
7107.3	0.01928657142735587
7107.39	0.019458126725297203
7107.49	0.019647499664497636
7107.59	0.019841031960740284
7107.69	0.02003890362632477
7107.79	0.02024130659489506
7107.89	0.02044845187424607
7107.99	0.020660563585651506
7108.09	0.020877887308804882
7108.19	0.021100688889685113
7108.29	0.021329258016959795
7108.39	0.021563912990522963
7108.49	0.02180500072149507
7108.59	0.022052906269298494
7108.69	0.022308051649523063
7108.79	0.022570907755270434
7108.89	0.02284199674142295
7108.99	0.023121902753853556
7109.09	0.023411282658635693
7109.19	0.023710875579118794
7109.29	0.024021520777944803
7109.39	0.024344170770526943
7109.49	0.02467991635987284
7109.59	0.02503001524781097
7109.69	0.025395917069813766
7109.79	0.025779309888240582
7109.89	0.026182172646252815
7109.99	0.026606830005997863
7110.09	0.027056039374422903
7110.19	0.027533089850432905
7110.29	0.028041929783275167
7110.39	0.028587327710687976
7110.49	0.02917508455882996
7110.59	0.029812287566914626
7110.69	0.030507646469120957
7110.79	0.031271884514687924
7110.89	0.03211820697674725
7110.99	0.03306279469597938
7111.09	0.03412520225351457
7111.19	0.03532841757765465
7111.29	0.03669804413965089
7111.39	0.03825967468154466
7111.49	0.04003316062594043
7111.59	0.042022908101708376
7111.69	0.044205981634461794
7111.79	0.04652578583405387
7111.89	0.04890338113463062
7111.99	0.05126921960541365
7112.09	0.05358657158447381
7112.19	0.05583598739851108
7112.29	0.05796744627878532
7112.39	0.05986918562205552
7112.49	0.0613998397428014
7112.59	0.06246945732939688
7112.69	0.0630932857812601
7112.79	0.0633663847060693
7112.89	0.06339317196681411
7112.99	0.06323965247073339
7113.09	0.06293178136873663
7113.19	0.06247677107415297
7113.29	0.06188200328340127
7113.39	0.061165749840960223
7113.49	0.060362885447578736
7113.59	0.05952573049932125
7113.69	0.05871837771979361
7113.79	0.05800586161880493
7113.89	0.05744287017140672
7113.99	0.05706662539104959
7114.09	0.05689569834795527
7114.19	0.05693344370842265
7114.29	0.057173379837530965
7114.39	0.057604248217680135
7114.49	0.058213686414783646
7114.59	0.058990426374165954
7114.69	0.0599253971449144
7114.79	0.06101215166400683
7114.89	0.0622469370922432
7114.99	0.06362860659629747
7115.09	0.0651584858296609
7115.19	0.0668402596798707
7115.29	0.06867990908538515
7115.39	0.0706857050749113
7115.49	0.07286825645278236
7115.59	0.07524062424386353
7115.69	0.07781846236541513
7115.79	0.08062020002366121
7115.89	0.08366722053395464
7115.99	0.08698402106679146
7116.09	0.09059830444216217
7116.19	0.09454095290259434
7116.29	0.09884581114468545
7116.39	0.10354919039117809
7116.49	0.10868904462606568
7116.59	0.11430375342533479
7116.69	0.12043043389460578
7116.79	0.12710269111145478
7116.89	0.13434744704781768
7116.99	0.14218075975452812
7117.09	0.15078057913863455
7117.19	0.15959969165198026
7117.29	0.16919997409626714
7117.39	0.17900982185280723
7117.59	0.1995940018088325
7117.79	0.2202627279389575
7117.99	0.24044430025373953
7118.19	0.2606946706467406
7118.39	0.28240646672173764
7118.59	0.30704696754080024
7118.79	0.33567595677357315
7118.99	0.36884966050453843
7119.19	0.4066328473975262
7119.39	0.44852043393529756
7119.59	0.49328669133491565
7119.79	0.5389507332558646
7119.99	0.5830659183553861
7120.19	0.6233681568366879
7120.39	0.6585443841481564
7120.59	0.6887360112764203
7120.79	0.7154899280210899
7120.99	0.7411535424545899
7121.19	0.7680676701459215
7121.39	0.7980015578094312
7121.59	0.831970653635142
7121.79	0.8703035814012878
7121.99	0.9128108871035264
7122.19	0.9589586375713025
7122.39	1.0079588200220202
7122.59	1.0587459881474708
7122.79	1.1099278242988304
7122.99	1.159856333755093
7123.19	1.2068903169615288
7123.39	1.249758517521145
7123.59	1.2878234892304323
7123.79	1.3211016835445877
7123.99	1.3500618477232842
7124.19	1.3753452308788778
7124.39	1.3975290645045875
7124.59	1.4169932818447109
7124.79	1.4338979865538108
7124.99	1.4482504506519385
7125.19	1.4600033464020412
7125.39	1.4691272280835848
7125.59	1.4756365205232278
7125.79	1.4795864195452912
7125.99	1.4810671697264715
7126.19	1.4802046604630594
7126.39	1.477160187544053
7126.59	1.4721216313563394
7126.79	1.4652874822832758
7126.99	1.4568525350914705
7127.19	1.4470031203930471
7127.39	1.4359229461043728
7127.59	1.4238050187904048
7127.79	1.4108608230998356
7127.99	1.3973207986188678
7128.19	1.3834263525705024
7128.39	1.369416627122314
7128.59	1.3555138361329064
7128.79	1.341909674819359
7128.99	1.3287559018951927
7129.19	1.3161563522696575
7129.39	1.3041649104191975
7129.59	1.2927861064546633
7129.79	1.2819807191531576
7129.99	1.271674836179737
7130.19	1.2617712985779839
7130.39	1.252161979754683
7130.59	1.2427397068241661
7130.79	1.233407320830016
7130.99	1.2240850679785598
7131.19	1.2147135799749558
7131.39	1.205255543011402
7131.59	1.1956940287789273
7131.79	1.1860304082321316
7131.99	1.1762808705566365
7132.19	1.166441660528973
7132.39	1.1566449024085244
7133.39	1.1093621565096266
7134.39	1.0677516100931053
7135.39	1.0352488873072936
7136.39	1.0120292319140742
7137.39	0.9958256691513225
7138.39	0.98345192170904
7139.39	0.9719063262157649
7140.39	0.958866580950265
7141.39	0.9428912523250119
7142.39	0.9235596957047674
7143.39	0.901428387522245
7144.39	0.8777309604116826
7145.39	0.8540165930708049
7146.39	0.8318657696475885
7147.39	0.8126537841111315
7148.39	0.7973607497868164
7149.39	0.7864937768204208
7150.39	0.7801564497729644
7151.39	0.7782132110378924
7152.39	0.7804428123854927
7153.39	0.7866040730983072
7154.39	0.7964146122928193
7155.39	0.8094937456800375
7156.39	0.8253228351742018
7157.39	0.8432555531702652
7158.39	0.8625872766893304
7159.39	0.88266558631939
7160.39	0.9029976179211592
7161.39	0.9233042570594719
7162.39	0.9434952233935984
7163.39	0.9635788499432362
7164.39	0.9835493906204104
7165.39	1.00329955332601
7166.39	1.0225876924101474
7167.39	1.0410611149003546
7168.39	1.0583133387184764
7169.39	1.073948980557943
7170.39	1.0876383198768405
7171.39	1.0991534682566566
7172.39	1.108381411352994
7173.39	1.1153151394153773
7174.39	1.1200311278677844
7175.39	1.1226637660250245
7176.39	1.1233841967065241
7177.39	1.1223858437242928
7178.39	1.1198760311778468
7179.39	1.1160705830852204
7180.39	1.1111888402610306
7181.39	1.105447485060105
7182.39	1.09905310245861
7183.39	1.0921947530565246
7184.39	1.0850389184276363
7185.39	1.077728833524259
7186.39	1.0703882061366679
7187.39	1.063126378835202
7188.39	1.0560414046771045
7189.39	1.0492189027574665
7190.39	1.0427268962671248
7191.39	1.0366089577196624
7192.39	1.0308796073124928
7193.39	1.025525815016246
7194.39	1.020516168088571
7195.39	1.0158162972937193
7196.39	1.011405960188992
7197.39	1.00729196386201
7198.39	1.0035127665696328
7199.39	1.0001335065373658
7200.39	0.9972336872106498
7201.39	0.9948923590238414
7202.39	0.9931745886743799
7203.39	0.9921213975081583
7204.39	0.991743061724003
7205.39	0.9920154644423024
7206.39	0.9928792373682149
7207.39	0.9942424788581796
7208.39	0.9959874179514052
7209.39	0.9979811197370925
7210.39	1.000089206821777
7211.39	1.002190474897496
